geography/gebco_2023_n41.3196_s40.3857_w-125.2881_e-123.9642.asc
ncols        318
nrows        224
xllcorner    -125.287500000000
yllcorner    40.387500000000
cellsize     0.004166666667
NODATA_value -32767
[rows 0 to 37 of 224, columns 84 to 167 of 318]
-1415 -1411 -1369 -1316 -1288 -1292 -1288 -1228 -1164 -1140 -1134 -1154 -1165 -1131 -1113 -1107 -1096 -1090 -1096 -1106 -1116 -1119 -1119 -1120 -1119 -1113 -1109 -1107 -1106 -1108 -1108 -1107 -1106 -1107 -1105 -1102 -1085 -1062 -1056 -1075 -1091 -1101 -1113 -1124 -1130 -1133 -1136 -1139 -1141 -1140 -1138 -1137 -1137 -1137 -1133 -1124 -1116 -1110 -1106 -1102 -1099 -1096 -1094 -1093 -1089 -1088 -1086 -1086 -1085 -1085 -1085 -1085 -1085 -1083 -1080 -1077 -1075 -1063 -1058 -1056 -1050 -1036 -1026 -1025
-1407 -1409 -1389 -1346 -1319 -1317 -1288 -1217 -1172 -1150 -1141 -1153 -1164 -1139 -1128 -1117 -1110 -1109 -1112 -1116 -1119 -1121 -1124 -1127 -1127 -1124 -1120 -1118 -1116 -1117 -1117 -1116 -1114 -1113 -1106 -1104 -1088 -1063 -1059 -1081 -1098 -1108 -1119 -1128 -1130 -1132 -1135 -1139 -1141 -1138 -1137 -1137 -1137 -1137 -1133 -1123 -1115 -1108 -1104 -1100 -1098 -1095 -1094 -1092 -1089 -1088 -1087 -1086 -1085 -1085 -1085 -1085 -1084 -1082 -1078 -1074 -1071 -1061 -1054 -1046 -1039 -1031 -1032 -1043
-1411 -1402 -1395 -1375 -1359 -1342 -1288 -1213 -1181 -1162 -1159 -1164 -1162 -1151 -1139 -1138 -1133 -1129 -1126 -1124 -1123 -1124 -1128 -1131 -1131 -1131 -1129 -1128 -1127 -1124 -1125 -1124 -1119 -1117 -1110 -1121 -1098 -1067 -1062 -1086 -1100 -1107 -1116 -1124 -1128 -1132 -1136 -1139 -1141 -1137 -1135 -1136 -1136 -1137 -1132 -1121 -1113 -1106 -1101 -1098 -1095 -1092 -1091 -1092 -1090 -1088 -1086 -1085 -1085 -1086 -1086 -1085 -1084 -1081 -1076 -1071 -1067 -1058 -1049 -1042 -1044 -1050 -1056 -1073
-1434 -1413 -1393 -1384 -1384 -1356 -1286 -1224 -1193 -1177 -1186 -1195 -1177 -1164 -1144 -1137 -1136 -1136 -1135 -1132 -1130 -1131 -1134 -1137 -1139 -1140 -1137 -1136 -1134 -1132 -1131 -1131 -1125 -1122 -1115 -1125 -1105 -1073 -1066 -1087 -1100 -1111 -1123 -1131 -1135 -1138 -1139 -1140 -1143 -1138 -1135 -1135 -1134 -1134 -1130 -1120 -1111 -1103 -1097 -1093 -1090 -1088 -1087 -1089 -1088 -1087 -1086 -1085 -1085 -1086 -1086 -1085 -1082 -1078 -1072 -1066 -1062 -1055 -1049 -1060 -1069 -1080 -1085 -1085
-1446 -1427 -1406 -1391 -1382 -1355 -1302 -1249 -1217 -1196 -1193 -1212 -1197 -1176 -1159 -1142 -1135 -1136 -1137 -1137 -1137 -1139 -1143 -1146 -1147 -1146 -1143 -1141 -1140 -1138 -1136 -1136 -1131 -1126 -1111 -1117 -1117 -1089 -1081 -1093 -1110 -1123 -1131 -1137 -1142 -1143 -1142 -1144 -1146 -1140 -1136 -1135 -1133 -1130 -1125 -1116 -1107 -1099 -1090 -1084 -1082 -1079 -1079 -1080 -1083 -1082 -1085 -1085 -1085 -1086 -1084 -1081 -1078 -1072 -1065 -1061 -1067 -1078 -1074 -1082 -1088 -1092 -1096 -1098
-1456 -1441 -1424 -1408 -1389 -1363 -1327 -1285 -1248 -1222 -1207 -1215 -1210 -1190 -1174 -1154 -1141 -1137 -1139 -1141 -1143 -1147 -1152 -1154 -1153 -1152 -1149 -1147 -1144 -1142 -1139 -1138 -1138 -1131 -1114 -1111 -1112 -1105 -1100 -1110 -1124 -1133 -1139 -1146 -1151 -1152 -1151 -1152 -1150 -1142 -1139 -1136 -1130 -1125 -1120 -1112 -1100 -1092 -1080 -1072 -1070 -1068 -1073 -1080 -1086 -1086 -1103 -1093 -1093 -1092 -1087 -1086 -1088 -1090 -1090 -1093 -1100 -1096 -1100 -1100 -1100 -1100 -1101 -1099
-1480 -1466 -1451 -1435 -1415 -1383 -1347 -1320 -1272 -1245 -1229 -1224 -1222 -1204 -1191 -1175 -1157 -1144 -1141 -1143 -1148 -1154 -1159 -1157 -1155 -1155 -1153 -1151 -1148 -1144 -1141 -1139 -1137 -1132 -1128 -1111 -1110 -1109 -1111 -1121 -1132 -1140 -1148 -1157 -1161 -1161 -1159 -1158 -1153 -1141 -1137 -1134 -1128 -1118 -1111 -1108 -1095 -1086 -1074 -1059 -1065 -1079 -1114 -1130 -1141 -1142 -1142 -1133 -1126 -1122 -1122 -1122 -1120 -1119 -1121 -1126 -1131 -1140 -1113 -1117 -1118 -1106 -1091 -1079
-1505 -1490 -1479 -1468 -1444 -1400 -1358 -1333 -1294 -1267 -1245 -1237 -1234 -1212 -1207 -1198 -1178 -1157 -1147 -1147 -1154 -1161 -1161 -1159 -1159 -1160 -1158 -1154 -1150 -1146 -1142 -1138 -1133 -1131 -1128 -1114 -1112 -1114 -1119 -1131 -1142 -1151 -1158 -1164 -1165 -1165 -1167 -1165 -1156 -1147 -1141 -1137 -1130 -1119 -1107 -1106 -1097 -1096 -1084 -1067 -1090 -1119 -1146 -1170 -1177 -1168 -1157 -1153 -1147 -1144 -1140 -1137 -1136 -1134 -1133 -1137 -1139 -1141 -1111 -1104 -1094 -1080 -1077 -1080
-1504 -1490 -1474 -1453 -1426 -1396 -1372 -1346 -1316 -1298 -1257 -1264 -1260 -1230 -1221 -1213 -1192 -1168 -1153 -1151 -1157 -1164 -1162 -1161 -1160 -1160 -1162 -1156 -1152 -1147 -1142 -1138 -1133 -1130 -1130 -1116 -1117 -1120 -1129 -1141 -1150 -1157 -1162 -1166 -1169 -1170 -1173 -1168 -1159 -1152 -1147 -1142 -1135 -1124 -1114 -1106 -1101 -1105 -1116 -1122 -1137 -1152 -1169 -1173 -1151 -1135 -1128 -1131 -1130 -1132 -1129 -1126 -1124 -1120 -1114 -1105 -1097 -1096 -1077 -1073 -1073 -1076 -1081 -1084
-1514 -1497 -1459 -1426 -1406 -1396 -1387 -1366 -1341 -1321 -1264 -1267 -1276 -1254 -1236 -1216 -1197 -1178 -1160 -1154 -1158 -1164 -1163 -1162 -1161 -1161 -1162 -1157 -1153 -1148 -1142 -1136 -1131 -1127 -1127 -1130 -1118 -1127 -1136 -1147 -1155 -1161 -1166 -1170 -1173 -1177 -1176 -1170 -1164 -1155 -1150 -1147 -1141 -1132 -1121 -1123 -1103 -1103 -1115 -1124 -1137 -1155 -1177 -1160 -1118 -1099 -1097 -1098 -1098 -1100 -1098 -1093 -1088 -1086 -1086 -1086 -1087 -1085 -1082 -1081 -1080 -1083 -1085 -1087
-1531 -1527 -1491 -1442 -1411 -1400 -1391 -1376 -1360 -1348 -1280 -1269 -1297 -1271 -1233 -1206 -1202 -1191 -1169 -1157 -1159 -1164 -1163 -1162 -1161 -1160 -1160 -1157 -1153 -1148 -1141 -1135 -1130 -1128 -1127 -1128 -1122 -1134 -1145 -1154 -1160 -1165 -1170 -1173 -1178 -1181 -1178 -1173 -1168 -1161 -1157 -1153 -1148 -1144 -1138 -1133 -1124 -1106 -1109 -1108 -1117 -1170 -1187 -1159 -1110 -1105 -1103 -1102 -1102 -1101 -1100 -1097 -1095 -1094 -1095 -1096 -1099 -1104 -1089 -1087 -1086 -1088 -1090 -1090
-1534 -1539 -1512 -1459 -1419 -1403 -1393 -1381 -1372 -1366 -1301 -1271 -1297 -1285 -1242 -1211 -1211 -1198 -1171 -1158 -1160 -1164 -1164 -1162 -1161 -1160 -1159 -1157 -1152 -1147 -1141 -1135 -1130 -1127 -1127 -1130 -1134 -1146 -1153 -1160 -1164 -1169 -1174 -1177 -1181 -1182 -1179 -1175 -1171 -1159 -1158 -1155 -1150 -1148 -1144 -1141 -1134 -1122 -1112 -1110 -1119 -1187 -1184 -1122 -1118 -1117 -1117 -1115 -1112 -1110 -1109 -1107 -1105 -1104 -1105 -1105 -1106 -1108 -1095 -1091 -1089 -1089 -1091 -1090
-1536 -1529 -1493 -1445 -1415 -1405 -1397 -1386 -1376 -1371 -1328 -1285 -1288 -1299 -1267 -1226 -1215 -1201 -1176 -1160 -1160 -1164 -1164 -1163 -1161 -1160 -1159 -1157 -1152 -1147 -1142 -1136 -1130 -1126 -1128 -1135 -1147 -1150 -1154 -1161 -1167 -1172 -1177 -1180 -1182 -1182 -1180 -1176 -1172 -1162 -1160 -1157 -1156 -1155 -1145 -1145 -1141 -1132 -1130 -1131 -1157 -1200 -1159 -1129 -1130 -1128 -1124 -1121 -1118 -1116 -1114 -1112 -1111 -1110 -1111 -1112 -1112 -1113 -1101 -1096 -1091 -1090 -1091 -1091
-1525 -1512 -1476 -1435 -1411 -1405 -1399 -1389 -1379 -1371 -1360 -1330 -1293 -1293 -1284 -1243 -1214 -1202 -1183 -1163 -1160 -1163 -1164 -1163 -1161 -1160 -1158 -1159 -1153 -1147 -1142 -1136 -1130 -1127 -1129 -1137 -1150 -1155 -1155 -1163 -1169 -1174 -1179 -1182 -1183 -1183 -1183 -1179 -1175 -1166 -1163 -1159 -1156 -1155 -1149 -1143 -1143 -1139 -1154 -1172 -1196 -1186 -1147 -1133 -1133 -1130 -1127 -1125 -1122 -1121 -1119 -1117 -1115 -1114 -1114 -1114 -1114 -1113 -1103 -1097 -1092 -1089 -1091 -1091
-1536 -1518 -1480 -1441 -1416 -1408 -1403 -1394 -1382 -1373 -1373 -1361 -1320 -1291 -1299 -1266 -1223 -1202 -1182 -1161 -1157 -1160 -1162 -1162 -1160 -1158 -1156 -1155 -1152 -1148 -1143 -1138 -1132 -1129 -1130 -1138 -1150 -1155 -1159 -1163 -1170 -1175 -1180 -1183 -1184 -1184 -1184 -1182 -1179 -1170 -1167 -1166 -1165 -1160 -1153 -1152 -1162 -1176 -1203 -1202 -1178 -1148 -1138 -1138 -1136 -1134 -1131 -1129 -1126 -1124 -1122 -1120 -1118 -1117 -1117 -1117 -1116 -1114 -1103 -1097 -1092 -1088 -1090 -1090
-1548 -1533 -1495 -1460 -1433 -1416 -1409 -1401 -1389 -1377 -1369 -1356 -1335 -1301 -1293 -1272 -1232 -1198 -1171 -1151 -1149 -1154 -1158 -1159 -1157 -1156 -1154 -1153 -1152 -1148 -1144 -1140 -1135 -1132 -1132 -1139 -1150 -1156 -1163 -1163 -1169 -1176 -1181 -1184 -1186 -1187 -1187 -1185 -1182 -1174 -1171 -1173 -1180 -1175 -1165 -1184 -1211 -1205 -1191 -1175 -1149 -1139 -1137 -1140 -1139 -1137 -1135 -1133 -1130 -1128 -1125 -1123 -1122 -1121 -1119 -1118 -1116 -1115 -1103 -1098 -1093 -1089 -1089 -1090
-1549 -1537 -1507 -1474 -1447 -1427 -1414 -1406 -1396 -1384 -1370 -1353 -1337 -1320 -1291 -1271 -1232 -1190 -1159 -1140 -1137 -1143 -1149 -1153 -1153 -1152 -1151 -1151 -1151 -1149 -1145 -1141 -1137 -1135 -1136 -1140 -1150 -1157 -1163 -1169 -1171 -1176 -1181 -1185 -1188 -1190 -1191 -1189 -1185 -1178 -1180 -1191 -1191 -1199 -1209 -1216 -1202 -1167 -1155 -1149 -1145 -1143 -1144 -1148 -1143 -1141 -1139 -1136 -1133 -1131 -1129 -1127 -1126 -1123 -1120 -1119 -1117 -1115 -1103 -1099 -1094 -1090 -1090 -1090
-1550 -1532 -1506 -1477 -1454 -1435 -1421 -1413 -1405 -1395 -1380 -1364 -1344 -1324 -1300 -1282 -1236 -1184 -1149 -1127 -1120 -1126 -1137 -1145 -1147 -1147 -1148 -1150 -1150 -1149 -1146 -1143 -1140 -1138 -1139 -1142 -1150 -1157 -1163 -1168 -1171 -1176 -1180 -1184 -1190 -1198 -1201 -1199 -1197 -1220 -1230 -1230 -1226 -1223 -1220 -1208 -1187 -1169 -1158 -1152 -1150 -1150 -1149 -1149 -1147 -1144 -1141 -1139 -1136 -1135 -1134 -1132 -1128 -1124 -1122 -1120 -1119 -1118 -1103 -1098 -1094 -1091 -1091 -1091
-1555 -1533 -1510 -1486 -1465 -1447 -1433 -1425 -1418 -1408 -1392 -1377 -1354 -1329 -1315 -1296 -1249 -1195 -1154 -1124 -1109 -1110 -1122 -1135 -1141 -1143 -1146 -1148 -1149 -1149 -1147 -1144 -1142 -1141 -1142 -1145 -1151 -1157 -1163 -1168 -1172 -1175 -1179 -1183 -1198 -1230 -1241 -1245 -1250 -1238 -1231 -1219 -1198 -1184 -1181 -1179 -1176 -1166 -1161 -1157 -1155 -1153 -1153 -1152 -1150 -1147 -1145 -1143 -1141 -1138 -1135 -1132 -1128 -1126 -1123 -1121 -1119 -1118 -1105 -1098 -1095 -1093 -1093 -1094
-1580 -1546 -1522 -1501 -1481 -1462 -1448 -1440 -1432 -1422 -1408 -1392 -1369 -1349 -1335 -1312 -1270 -1223 -1179 -1138 -1112 -1103 -1113 -1127 -1138 -1142 -1145 -1148 -1151 -1151 -1149 -1147 -1145 -1145 -1145 -1148 -1153 -1158 -1163 -1168 -1171 -1174 -1176 -1181 -1218 -1262 -1270 -1260 -1248 -1226 -1208 -1188 -1177 -1173 -1171 -1170 -1171 -1170 -1165 -1161 -1159 -1157 -1156 -1156 -1155 -1152 -1148 -1145 -1142 -1139 -1136 -1133 -1131 -1128 -1126 -1124 -1120 -1118 -1108 -1102 -1097 -1095 -1099 -1101
-1605 -1565 -1537 -1516 -1497 -1478 -1465 -1456 -1448 -1437 -1423 -1405 -1384 -1394 -1373 -1329 -1285 -1245 -1204 -1164 -1134 -1118 -1119 -1129 -1140 -1145 -1149 -1152 -1155 -1155 -1153 -1151 -1150 -1149 -1150 -1152 -1155 -1160 -1164 -1168 -1171 -1173 -1177 -1187 -1272 -1273 -1237 -1224 -1217 -1194 -1187 -1183 -1181 -1179 -1178 -1176 -1175 -1173 -1168 -1165 -1162 -1160 -1159 -1157 -1158 -1153 -1149 -1147 -1144 -1141 -1138 -1136 -1134 -1132 -1130 -1127 -1123 -1122 -1115 -1109 -1102 -1101 -1111 -1114
-1603 -1573 -1550 -1531 -1512 -1494 -1481 -1473 -1464 -1451 -1435 -1416 -1395 -1395 -1374 -1339 -1303 -1274 -1244 -1208 -1175 -1152 -1140 -1141 -1149 -1153 -1156 -1159 -1162 -1160 -1158 -1156 -1155 -1155 -1155 -1156 -1159 -1162 -1166 -1169 -1172 -1174 -1180 -1198 -1286 -1257 -1208 -1202 -1199 -1188 -1186 -1184 -1184 -1183 -1181 -1179 -1179 -1177 -1173 -1169 -1165 -1162 -1160 -1159 -1156 -1153 -1150 -1149 -1146 -1143 -1142 -1141 -1140 -1138 -1136 -1134 -1134 -1136 -1130 -1119 -1107 -1110 -1127 -1127
-1599 -1572 -1556 -1540 -1522 -1505 -1493 -1485 -1475 -1459 -1442 -1422 -1400 -1383 -1358 -1330 -1313 -1302 -1277 -1235 -1195 -1169 -1154 -1151 -1157 -1162 -1166 -1168 -1169 -1167 -1166 -1162 -1162 -1161 -1161 -1162 -1163 -1166 -1169 -1171 -1174 -1177 -1184 -1206 -1248 -1263 -1210 -1206 -1202 -1192 -1191 -1188 -1187 -1185 -1183 -1181 -1179 -1177 -1173 -1169 -1166 -1163 -1162 -1161 -1158 -1155 -1152 -1150 -1148 -1146 -1147 -1148 -1148 -1146 -1145 -1145 -1146 -1146 -1138 -1137 -1113 -1115 -1134 -1138
-1606 -1568 -1542 -1530 -1521 -1508 -1499 -1492 -1482 -1463 -1443 -1423 -1401 -1376 -1349 -1323 -1312 -1301 -1266 -1219 -1186 -1166 -1155 -1156 -1163 -1169 -1174 -1176 -1177 -1173 -1171 -1170 -1169 -1168 -1167 -1167 -1169 -1171 -1173 -1176 -1177 -1179 -1185 -1206 -1261 -1266 -1216 -1209 -1206 -1198 -1195 -1192 -1190 -1187 -1184 -1181 -1180 -1178 -1174 -1171 -1167 -1164 -1161 -1159 -1156 -1155 -1154 -1152 -1150 -1150 -1154 -1158 -1158 -1156 -1156 -1160 -1161 -1153 -1144 -1137 -1117 -1124 -1139 -1147
-1610 -1566 -1524 -1513 -1513 -1505 -1499 -1495 -1484 -1463 -1441 -1421 -1396 -1368 -1347 -1327 -1326 -1308 -1252 -1195 -1168 -1153 -1150 -1158 -1166 -1173 -1179 -1182 -1184 -1184 -1179 -1176 -1175 -1175 -1174 -1174 -1175 -1177 -1179 -1181 -1182 -1183 -1186 -1199 -1266 -1271 -1231 -1216 -1214 -1202 -1195 -1191 -1189 -1185 -1183 -1182 -1182 -1180 -1177 -1173 -1168 -1163 -1156 -1151 -1151 -1155 -1154 -1154 -1152 -1154 -1159 -1166 -1170 -1170 -1171 -1175 -1175 -1165 -1154 -1141 -1126 -1141 -1169 -1162
-1602 -1562 -1509 -1500 -1508 -1501 -1495 -1493 -1480 -1458 -1436 -1415 -1391 -1375 -1364 -1346 -1330 -1304 -1246 -1184 -1158 -1148 -1151 -1158 -1167 -1174 -1180 -1185 -1187 -1187 -1184 -1181 -1180 -1180 -1181 -1181 -1182 -1184 -1186 -1187 -1187 -1187 -1188 -1196 -1248 -1281 -1257 -1230 -1223 -1212 -1188 -1186 -1185 -1185 -1185 -1185 -1185 -1184 -1182 -1178 -1172 -1166 -1158 -1150 -1159 -1156 -1153 -1154 -1154 -1158 -1167 -1175 -1182 -1187 -1190 -1189 -1184 -1182 -1158 -1152 -1152 -1174 -1184 -1154
-1583 -1561 -1503 -1488 -1499 -1495 -1491 -1489 -1474 -1450 -1430 -1409 -1394 -1374 -1365 -1350 -1315 -1270 -1215 -1168 -1148 -1143 -1152 -1157 -1167 -1174 -1179 -1184 -1187 -1189 -1189 -1187 -1186 -1186 -1186 -1188 -1189 -1190 -1192 -1193 -1193 -1193 -1193 -1198 -1222 -1282 -1297 -1251 -1227 -1213 -1188 -1188 -1188 -1189 -1190 -1190 -1189 -1190 -1188 -1184 -1178 -1172 -1161 -1154 -1160 -1157 -1159 -1169 -1174 -1174 -1190 -1199 -1202 -1206 -1205 -1198 -1196 -1192 -1178 -1181 -1184 -1194 -1187 -1170
-1573 -1548 -1492 -1472 -1480 -1485 -1486 -1485 -1467 -1444 -1426 -1408 -1388 -1358 -1352 -1328 -1276 -1223 -1184 -1156 -1141 -1139 -1148 -1155 -1165 -1172 -1178 -1183 -1188 -1190 -1191 -1191 -1191 -1191 -1192 -1194 -1195 -1196 -1197 -1198 -1199 -1199 -1199 -1202 -1215 -1273 -1309 -1270 -1229 -1214 -1196 -1192 -1195 -1198 -1200 -1198 -1196 -1202 -1197 -1191 -1188 -1183 -1170 -1160 -1166 -1171 -1180 -1207 -1215 -1218 -1235 -1244 -1243 -1235 -1223 -1216 -1222 -1225 -1217 -1215 -1206 -1193 -1177 -1161
-1571 -1526 -1481 -1463 -1464 -1473 -1480 -1480 -1462 -1442 -1427 -1404 -1375 -1346 -1339 -1305 -1262 -1225 -1195 -1169 -1150 -1143 -1145 -1152 -1161 -1170 -1176 -1182 -1187 -1191 -1193 -1193 -1194 -1194 -1195 -1197 -1199 -1200 -1201 -1202 -1203 -1204 -1205 -1208 -1217 -1268 -1319 -1303 -1243 -1225 -1209 -1200 -1205 -1211 -1216 -1208 -1208 -1217 -1206 -1203 -1202 -1197 -1190 -1180 -1186 -1212 -1222 -1238 -1255 -1269 -1269 -1263 -1258 -1253 -1246 -1241 -1237 -1234 -1207 -1192 -1173 -1157 -1143 -1133
-1549 -1499 -1469 -1460 -1458 -1463 -1471 -1471 -1459 -1443 -1429 -1400 -1376 -1346 -1339 -1318 -1274 -1237 -1214 -1196 -1177 -1161 -1154 -1152 -1156 -1164 -1172 -1180 -1186 -1191 -1193 -1194 -1195 -1196 -1197 -1200 -1202 -1204 -1206 -1207 -1208 -1210 -1211 -1213 -1222 -1254 -1302 -1340 -1250 -1241 -1229 -1211 -1222 -1233 -1232 -1225 -1233 -1228 -1219 -1224 -1213 -1207 -1212 -1212 -1212 -1249 -1248 -1259 -1278 -1272 -1251 -1234 -1230 -1234 -1236 -1236 -1234 -1232 -1232 -1213 -1202 -1191 -1182 -1175
-1535 -1491 -1468 -1467 -1463 -1459 -1462 -1461 -1452 -1436 -1427 -1400 -1380 -1350 -1350 -1324 -1280 -1246 -1228 -1216 -1202 -1180 -1165 -1156 -1154 -1159 -1166 -1175 -1184 -1190 -1193 -1195 -1196 -1198 -1199 -1202 -1204 -1207 -1209 -1212 -1215 -1217 -1218 -1219 -1224 -1242 -1279 -1340 -1284 -1256 -1242 -1230 -1258 -1277 -1266 -1265 -1269 -1247 -1253 -1237 -1227 -1232 -1223 -1216 -1240 -1269 -1269 -1278 -1275 -1230 -1205 -1195 -1191 -1189 -1192 -1197 -1200 -1207 -1213 -1198 -1187 -1176 -1166 -1149
-1539 -1504 -1490 -1490 -1478 -1463 -1456 -1449 -1443 -1426 -1426 -1403 -1386 -1355 -1356 -1331 -1293 -1262 -1243 -1228 -1211 -1197 -1181 -1171 -1163 -1163 -1164 -1168 -1178 -1187 -1193 -1195 -1197 -1199 -1201 -1203 -1206 -1208 -1216 -1218 -1223 -1226 -1228 -1229 -1233 -1246 -1291 -1351 -1363 -1288 -1265 -1286 -1319 -1325 -1315 -1305 -1301 -1305 -1295 -1285 -1281 -1259 -1245 -1234 -1272 -1289 -1288 -1277 -1253 -1226 -1215 -1207 -1200 -1196 -1187 -1179 -1176 -1179 -1162 -1154 -1144 -1130 -1118 -1105
-1545 -1523 -1520 -1514 -1494 -1469 -1451 -1439 -1430 -1417 -1419 -1404 -1385 -1358 -1352 -1333 -1307 -1279 -1256 -1235 -1216 -1202 -1194 -1185 -1181 -1173 -1168 -1169 -1174 -1184 -1193 -1197 -1200 -1202 -1203 -1206 -1209 -1212 -1219 -1223 -1233 -1239 -1242 -1249 -1257 -1265 -1284 -1341 -1381 -1310 -1294 -1340 -1333 -1299 -1274 -1272 -1274 -1271 -1278 -1285 -1293 -1288 -1257 -1273 -1292 -1290 -1285 -1277 -1259 -1222 -1202 -1199 -1197 -1196 -1195 -1189 -1184 -1180 -1175 -1169 -1155 -1138 -1123 -1110
-1558 -1534 -1531 -1522 -1495 -1461 -1437 -1425 -1417 -1406 -1410 -1404 -1380 -1361 -1344 -1330 -1319 -1295 -1263 -1241 -1225 -1202 -1192 -1184 -1180 -1177 -1170 -1172 -1175 -1185 -1195 -1201 -1204 -1205 -1206 -1208 -1213 -1219 -1230 -1236 -1248 -1266 -1272 -1286 -1297 -1303 -1312 -1353 -1398 -1354 -1356 -1359 -1298 -1244 -1230 -1220 -1211 -1205 -1208 -1219 -1260 -1290 -1293 -1295 -1283 -1255 -1259 -1267 -1265 -1249 -1224 -1200 -1184 -1179 -1179 -1178 -1173 -1162 -1155 -1151 -1151 -1141 -1135 -1127
-1588 -1554 -1540 -1531 -1502 -1460 -1429 -1414 -1413 -1405 -1410 -1406 -1379 -1351 -1333 -1325 -1318 -1293 -1260 -1239 -1225 -1212 -1195 -1183 -1178 -1173 -1167 -1171 -1176 -1187 -1200 -1208 -1209 -1209 -1208 -1209 -1216 -1240 -1262 -1271 -1287 -1328 -1344 -1355 -1369 -1372 -1372 -1387 -1407 -1398 -1384 -1357 -1342 -1260 -1233 -1221 -1206 -1197 -1190 -1181 -1217 -1244 -1260 -1277 -1273 -1260 -1233 -1225 -1223 -1236 -1239 -1224 -1205 -1193 -1187 -1180 -1173 -1168 -1161 -1136 -1126 -1120 -1114 -1104
-1630 -1589 -1558 -1540 -1512 -1472 -1442 -1422 -1416 -1406 -1408 -1400 -1374 -1346 -1327 -1310 -1300 -1283 -1251 -1231 -1219 -1212 -1198 -1187 -1179 -1173 -1167 -1169 -1174 -1183 -1204 -1216 -1217 -1216 -1216 -1222 -1234 -1262 -1294 -1339 -1381 -1408 -1414 -1416 -1419 -1414 -1405 -1393 -1379 -1364 -1362 -1326 -1343 -1260 -1236 -1223 -1213 -1206 -1202 -1194 -1179 -1172 -1176 -1199 -1224 -1245 -1245 -1247 -1223 -1198 -1200 -1208 -1214 -1215 -1209 -1203 -1199 -1197 -1191 -1168 -1157 -1145 -1124 -1107
-1653 -1609 -1572 -1549 -1524 -1491 -1466 -1445 -1421 -1403 -1393 -1381 -1359 -1348 -1322 -1291 -1275 -1264 -1232 -1214 -1204 -1199 -1196 -1188 -1181 -1181 -1163 -1163 -1167 -1177 -1213 -1219 -1222 -1224 -1235 -1254 -1278 -1316 -1385 -1433 -1435 -1409 -1392 -1369 -1379 -1361 -1336 -1311 -1294 -1281 -1263 -1320 -1328 -1269 -1248 -1233 -1225 -1220 -1212 -1207 -1199 -1189 -1182 -1184 -1192 -1178 -1178 -1215 -1239 -1216 -1190 -1182 -1184 -1191 -1201 -1210 -1210 -1205 -1200 -1191 -1186 -1182 -1176 -1153
-1669 -1620 -1580 -1564 -1546 -1510 -1484 -1466 -1429 -1396 -1375 -1363 -1347 -1347 -1325 -1284 -1258 -1241 -1220 -1206 -1195 -1187 -1185 -1181 -1186 -1184 -1170 -1155 -1156 -1165 -1185 -1212 -1225 -1236 -1254 -1282 -1349 -1418 -1455 -1440 -1356 -1333 -1322 -1307 -1294 -1289 -1272 -1255 -1252 -1252 -1250 -1296 -1313 -1307 -1302 -1286 -1275 -1257 -1232 -1218 -1213 -1203 -1193 -1188 -1196 -1191 -1162 -1149 -1208 -1229 -1217 -1201 -1198 -1203 -1203 -1196 -1184 -1171 -1174 -1153 -1142 -1140 -1141 -1141
