geography/gebco_2023_n41.3196_s40.3857_w-125.2881_e-123.9642.asc
ncols        318
nrows        224
xllcorner    -125.287500000000
yllcorner    40.387500000000
cellsize     0.004166666667
NODATA_value -32767
[rows 114 to 151 of 224, columns 84 to 167 of 318]
-2893 -2895 -2878 -2878 -2877 -2873 -2869 -2863 -2857 -2849 -2841 -2837 -2826 -2817 -2809 -2748 -2669 -2610 -2587 -2540 -2502 -2468 -2433 -2393 -2352 -2263 -2184 -2072 -1954 -1845 -1747 -1672 -1625 -1586 -1531 -1456 -1396 -1261 -1230 -1211 -1217 -1221 -1220 -1214 -1199 -1180 -1152 -1140 -1133 -1123 -1108 -1096 -1085 -1042 -1022 -1001 -979 -971 -961 -958 -956 -960 -969 -971 -972 -946 -869 -829 -779 -803 -756 -733 -731 -715 -684 -661 -641 -626 -615 -612 -596 -591 -587 -583
-2880 -2876 -2862 -2863 -2863 -2861 -2858 -2854 -2848 -2841 -2836 -2833 -2816 -2802 -2768 -2706 -2635 -2592 -2582 -2539 -2502 -2474 -2448 -2404 -2361 -2296 -2215 -2065 -1950 -1871 -1780 -1692 -1632 -1592 -1551 -1492 -1423 -1368 -1260 -1209 -1185 -1189 -1207 -1213 -1202 -1168 -1120 -1089 -1075 -1067 -1065 -1069 -1019 -1009 -998 -1007 -994 -975 -966 -949 -937 -932 -933 -931 -930 -921 -909 -884 -879 -854 -840 -833 -837 -829 -808 -776 -728 -689 -662 -645 -618 -605 -597 -590
-2868 -2865 -2860 -2860 -2858 -2855 -2851 -2847 -2841 -2835 -2828 -2822 -2804 -2755 -2702 -2655 -2606 -2544 -2507 -2530 -2486 -2444 -2419 -2400 -2298 -2249 -2208 -2157 -2049 -1954 -1879 -1777 -1672 -1605 -1562 -1525 -1480 -1439 -1362 -1263 -1215 -1189 -1173 -1168 -1162 -1137 -1109 -1073 -1047 -1024 -1016 -1018 -973 -956 -941 -932 -967 -938 -923 -893 -864 -823 -793 -780 -770 -767 -777 -792 -786 -823 -787 -778 -794 -809 -819 -822 -812 -790 -751 -711 -673 -647 -626 -608
-2867 -2866 -2857 -2854 -2848 -2842 -2837 -2833 -2828 -2823 -2815 -2800 -2759 -2714 -2653 -2606 -2565 -2520 -2495 -2479 -2448 -2412 -2386 -2349 -2249 -2191 -2145 -2105 -2054 -1972 -1899 -1806 -1696 -1613 -1565 -1529 -1503 -1476 -1416 -1365 -1308 -1261 -1232 -1201 -1173 -1148 -1127 -1100 -1075 -1052 -1023 -999 -1004 -985 -963 -946 -932 -928 -913 -892 -857 -797 -752 -728 -710 -696 -675 -674 -659 -659 -642 -642 -648 -670 -703 -729 -750 -791 -789 -762 -729 -703 -668 -640
-2862 -2862 -2848 -2842 -2834 -2829 -2827 -2824 -2821 -2815 -2806 -2784 -2730 -2670 -2611 -2549 -2505 -2485 -2482 -2455 -2431 -2401 -2357 -2317 -2279 -2161 -2112 -2060 -1967 -1895 -1870 -1829 -1738 -1641 -1574 -1528 -1503 -1479 -1453 -1445 -1384 -1340 -1298 -1259 -1224 -1191 -1161 -1134 -1107 -1084 -1060 -1049 -1024 -1011 -999 -985 -964 -952 -933 -910 -878 -827 -760 -717 -691 -669 -647 -643 -628 -617 -594 -588 -594 -613 -623 -631 -663 -701 -723 -742 -745 -718 -686 -668
-2854 -2850 -2839 -2836 -2830 -2825 -2821 -2818 -2813 -2807 -2795 -2768 -2701 -2642 -2577 -2500 -2469 -2463 -2458 -2447 -2425 -2397 -2360 -2299 -2241 -2167 -2103 -2065 -1935 -1813 -1781 -1809 -1783 -1699 -1625 -1541 -1493 -1460 -1437 -1420 -1399 -1371 -1341 -1314 -1287 -1257 -1220 -1187 -1157 -1128 -1101 -1082 -1072 -1054 -1037 -1015 -986 -969 -943 -912 -872 -813 -759 -730 -708 -677 -655 -649 -628 -614 -587 -576 -576 -594 -595 -588 -613 -625 -639 -697 -680 -684 -679 -665
-2835 -2835 -2828 -2827 -2824 -2819 -2812 -2808 -2803 -2795 -2776 -2732 -2670 -2609 -2534 -2462 -2446 -2449 -2448 -2437 -2419 -2400 -2373 -2308 -2251 -2178 -2103 -2033 -1919 -1788 -1704 -1692 -1724 -1730 -1671 -1573 -1494 -1447 -1414 -1388 -1371 -1357 -1340 -1323 -1307 -1291 -1262 -1233 -1206 -1179 -1153 -1133 -1101 -1078 -1051 -1014 -974 -960 -938 -903 -863 -823 -797 -773 -739 -697 -668 -660 -637 -626 -602 -582 -565 -567 -585 -599 -590 -577 -588 -599 -615 -633 -643 -646
-2819 -2819 -2823 -2816 -2815 -2811 -2806 -2801 -2795 -2784 -2759 -2718 -2665 -2583 -2483 -2433 -2429 -2435 -2438 -2425 -2408 -2387 -2356 -2299 -2251 -2192 -2137 -2022 -1940 -1774 -1681 -1624 -1625 -1664 -1666 -1598 -1503 -1433 -1390 -1364 -1341 -1326 -1315 -1306 -1297 -1283 -1263 -1239 -1216 -1195 -1175 -1166 -1116 -1091 -1065 -1034 -995 -973 -935 -889 -865 -831 -807 -784 -742 -705 -681 -672 -649 -640 -616 -601 -583 -573 -579 -590 -573 -546 -546 -558 -573 -588 -603 -612
-2813 -2811 -2811 -2808 -2807 -2804 -2800 -2796 -2789 -2776 -2746 -2691 -2618 -2542 -2440 -2411 -2413 -2414 -2421 -2413 -2402 -2387 -2367 -2338 -2319 -2265 -2204 -2136 -2035 -1738 -1677 -1606 -1565 -1569 -1607 -1603 -1540 -1457 -1388 -1350 -1322 -1308 -1295 -1284 -1273 -1259 -1246 -1230 -1213 -1194 -1174 -1165 -1110 -1086 -1063 -1037 -1001 -987 -948 -895 -868 -830 -797 -767 -727 -706 -688 -679 -659 -651 -631 -617 -600 -587 -588 -589 -572 -547 -529 -538 -547 -558 -570 -582
-2817 -2814 -2800 -2799 -2799 -2798 -2794 -2789 -2781 -2766 -2733 -2665 -2579 -2504 -2413 -2394 -2397 -2397 -2401 -2393 -2385 -2375 -2355 -2335 -2318 -2249 -2180 -2115 -2020 -1718 -1654 -1596 -1546 -1512 -1513 -1550 -1558 -1495 -1404 -1349 -1321 -1301 -1278 -1264 -1256 -1246 -1231 -1214 -1197 -1171 -1153 -1149 -1101 -1082 -1059 -1033 -1001 -995 -959 -921 -880 -833 -787 -753 -722 -705 -691 -682 -664 -658 -639 -625 -613 -598 -590 -585 -569 -549 -535 -532 -534 -541 -551 -560
-2807 -2802 -2799 -2787 -2787 -2788 -2784 -2777 -2767 -2750 -2717 -2657 -2545 -2466 -2390 -2374 -2378 -2388 -2383 -2375 -2367 -2353 -2320 -2270 -2240 -2201 -2142 -2053 -1934 -1796 -1615 -1580 -1528 -1490 -1470 -1481 -1528 -1518 -1428 -1359 -1312 -1289 -1267 -1248 -1246 -1231 -1193 -1163 -1151 -1143 -1137 -1076 -1068 -1058 -1043 -1021 -987 -967 -933 -898 -869 -829 -780 -741 -716 -702 -690 -683 -668 -661 -643 -635 -620 -605 -595 -585 -568 -551 -543 -542 -535 -536 -541 -546
-2796 -2793 -2792 -2775 -2775 -2773 -2770 -2763 -2751 -2732 -2694 -2617 -2510 -2447 -2377 -2358 -2360 -2363 -2369 -2362 -2354 -2339 -2306 -2250 -2208 -2161 -2087 -1997 -1886 -1743 -1603 -1560 -1520 -1495 -1475 -1450 -1487 -1509 -1458 -1380 -1317 -1281 -1258 -1242 -1223 -1190 -1150 -1119 -1103 -1098 -1096 -1022 -1008 -991 -979 -972 -958 -952 -917 -871 -820 -780 -751 -731 -714 -701 -690 -682 -671 -663 -648 -638 -624 -610 -597 -585 -573 -560 -551 -550 -541 -539 -540 -541
-2777 -2769 -2768 -2767 -2764 -2760 -2755 -2748 -2736 -2716 -2676 -2595 -2489 -2430 -2364 -2345 -2344 -2347 -2354 -2350 -2345 -2335 -2317 -2281 -2221 -2176 -2108 -2023 -1920 -1774 -1636 -1527 -1515 -1500 -1478 -1433 -1443 -1481 -1457 -1395 -1331 -1284 -1253 -1236 -1223 -1196 -1141 -1094 -1065 -1043 -1031 -985 -976 -953 -927 -911 -897 -901 -871 -829 -788 -762 -741 -725 -711 -699 -689 -681 -673 -664 -651 -640 -627 -614 -604 -596 -584 -569 -557 -553 -544 -544 -541 -538
-2761 -2761 -2761 -2758 -2753 -2747 -2740 -2733 -2722 -2701 -2658 -2572 -2472 -2425 -2366 -2337 -2331 -2337 -2333 -2339 -2336 -2329 -2311 -2281 -2244 -2195 -2126 -2049 -1963 -1832 -1660 -1560 -1523 -1490 -1464 -1414 -1407 -1448 -1442 -1403 -1345 -1290 -1256 -1229 -1212 -1191 -1145 -1091 -1054 -1034 -980 -952 -937 -923 -903 -881 -855 -830 -826 -806 -783 -760 -739 -724 -711 -699 -689 -682 -673 -665 -654 -643 -630 -618 -609 -606 -598 -572 -561 -558 -547 -547 -535 -532
-2764 -2759 -2755 -2745 -2741 -2733 -2726 -2720 -2708 -2688 -2641 -2553 -2463 -2425 -2368 -2333 -2325 -2327 -2326 -2327 -2325 -2316 -2289 -2256 -2222 -2172 -2107 -2030 -1930 -1790 -1615 -1535 -1509 -1463 -1439 -1399 -1383 -1408 -1423 -1401 -1351 -1297 -1255 -1225 -1205 -1184 -1150 -1096 -1056 -1030 -1009 -936 -914 -897 -883 -866 -844 -824 -816 -805 -785 -763 -744 -730 -716 -704 -692 -684 -675 -667 -655 -645 -633 -622 -612 -608 -603 -584 -573 -570 -555 -539 -525 -531
-2762 -2753 -2747 -2737 -2731 -2721 -2711 -2704 -2692 -2672 -2629 -2523 -2462 -2425 -2380 -2338 -2320 -2322 -2316 -2309 -2314 -2304 -2286 -2257 -2225 -2167 -2102 -2020 -1889 -1724 -1565 -1506 -1485 -1401 -1416 -1386 -1355 -1370 -1398 -1391 -1361 -1308 -1261 -1228 -1201 -1180 -1151 -1105 -1055 -1015 -954 -930 -906 -888 -871 -851 -831 -819 -814 -801 -782 -764 -748 -735 -723 -710 -700 -691 -681 -671 -663 -646 -637 -626 -620 -615 -603 -599 -594 -591 -573 -555 -539 -550
-2749 -2744 -2739 -2733 -2724 -2712 -2702 -2694 -2680 -2659 -2627 -2552 -2485 -2435 -2394 -2357 -2327 -2314 -2306 -2297 -2303 -2293 -2282 -2262 -2237 -2203 -2133 -2026 -1901 -1747 -1584 -1499 -1454 -1369 -1381 -1343 -1331 -1340 -1358 -1363 -1349 -1311 -1268 -1232 -1200 -1178 -1153 -1117 -1069 -1022 -951 -927 -904 -885 -865 -845 -830 -819 -807 -797 -779 -764 -749 -738 -726 -715 -705 -696 -688 -678 -666 -658 -645 -632 -623 -616 -610 -603 -600 -600 -589 -586 -579 -583
-2747 -2739 -2732 -2725 -2718 -2705 -2693 -2683 -2669 -2648 -2620 -2574 -2501 -2450 -2412 -2377 -2344 -2320 -2302 -2286 -2287 -2279 -2267 -2248 -2205 -2156 -2109 -2056 -1973 -1807 -1609 -1481 -1423 -1396 -1384 -1307 -1298 -1311 -1327 -1330 -1331 -1315 -1278 -1243 -1210 -1186 -1158 -1124 -1081 -1038 -963 -918 -899 -879 -858 -848 -835 -814 -798 -790 -776 -763 -751 -740 -729 -719 -710 -702 -694 -686 -674 -667 -656 -644 -633 -625 -619 -613 -609 -609 -603 -599 -595 -591
-2732 -2736 -2722 -2721 -2716 -2705 -2690 -2673 -2656 -2640 -2614 -2585 -2530 -2481 -2440 -2402 -2372 -2336 -2318 -2292 -2272 -2263 -2245 -2221 -2188 -2143 -2078 -2001 -1914 -1744 -1566 -1459 -1414 -1379 -1357 -1277 -1278 -1271 -1285 -1304 -1305 -1304 -1280 -1248 -1219 -1190 -1168 -1136 -1096 -1067 -1056 -924 -902 -882 -855 -840 -821 -802 -787 -783 -774 -763 -752 -743 -732 -723 -714 -706 -699 -691 -683 -675 -664 -655 -644 -635 -630 -624 -619 -619 -613 -610 -606 -603
-2719 -2717 -2711 -2709 -2705 -2698 -2686 -2672 -2659 -2642 -2621 -2594 -2561 -2519 -2479 -2445 -2414 -2377 -2356 -2331 -2316 -2281 -2253 -2228 -2198 -2156 -2099 -2015 -1886 -1724 -1580 -1464 -1405 -1371 -1353 -1297 -1295 -1263 -1256 -1270 -1280 -1273 -1267 -1245 -1216 -1194 -1183 -1147 -1109 -1069 -988 -940 -906 -882 -850 -832 -816 -802 -792 -788 -779 -769 -757 -747 -736 -726 -718 -710 -704 -696 -688 -682 -672 -664 -655 -645 -641 -634 -630 -626 -627 -621 -618 -616
-2701 -2701 -2698 -2695 -2686 -2676 -2667 -2654 -2642 -2632 -2618 -2600 -2583 -2562 -2543 -2522 -2498 -2470 -2447 -2432 -2411 -2397 -2321 -2302 -2267 -2215 -2142 -2052 -1932 -1765 -1621 -1487 -1404 -1367 -1356 -1305 -1288 -1252 -1243 -1240 -1245 -1249 -1245 -1236 -1216 -1193 -1181 -1152 -1127 -1095 -1023 -963 -915 -886 -858 -840 -826 -816 -799 -798 -791 -781 -771 -759 -748 -735 -728 -721 -715 -704 -697 -690 -682 -674 -665 -656 -652 -649 -644 -634 -635 -633 -629 -625
-2682 -2685 -2678 -2675 -2668 -2659 -2648 -2639 -2626 -2613 -2594 -2577 -2556 -2535 -2516 -2498 -2482 -2470 -2457 -2422 -2391 -2408 -2387 -2368 -2333 -2279 -2212 -2132 -2034 -1881 -1695 -1541 -1433 -1373 -1338 -1307 -1272 -1244 -1229 -1220 -1224 -1225 -1224 -1216 -1207 -1194 -1180 -1155 -1135 -1124 -1062 -1018 -969 -928 -902 -885 -874 -876 -857 -856 -855 -842 -832 -813 -803 -779 -770 -763 -736 -728 -717 -705 -698 -690 -680 -673 -668 -665 -659 -653 -648 -641 -642 -636
-2666 -2669 -2666 -2660 -2649 -2640 -2634 -2625 -2615 -2599 -2577 -2558 -2534 -2507 -2480 -2454 -2434 -2412 -2447 -2417 -2382 -2338 -2321 -2287 -2246 -2207 -2165 -2103 -2004 -1862 -1714 -1575 -1466 -1390 -1339 -1279 -1264 -1255 -1222 -1198 -1199 -1209 -1207 -1202 -1197 -1189 -1177 -1168 -1140 -1125 -1107 -1092 -1070 -1045 -1026 -1010 -997 -1010 -980 -960 -941 -934 -911 -877 -837 -818 -811 -802 -778 -757 -747 -732 -723 -714 -701 -694 -687 -681 -677 -676 -677 -668 -660 -650
-2667 -2664 -2659 -2651 -2636 -2623 -2614 -2603 -2593 -2577 -2563 -2555 -2529 -2502 -2470 -2439 -2407 -2389 -2375 -2371 -2358 -2335 -2333 -2306 -2259 -2198 -2119 -2012 -1882 -1768 -1621 -1511 -1430 -1372 -1332 -1276 -1253 -1247 -1212 -1186 -1180 -1189 -1192 -1186 -1184 -1180 -1171 -1165 -1148 -1123 -1113 -1105 -1098 -1092 -1083 -1067 -1045 -1025 -1012 -998 -979 -960 -945 -928 -897 -881 -867 -840 -813 -793 -781 -770 -756 -741 -723 -711 -707 -705 -688 -683 -687 -685 -677 -668
-2667 -2654 -2646 -2640 -2630 -2619 -2609 -2597 -2584 -2567 -2555 -2543 -2529 -2514 -2490 -2456 -2420 -2380 -2346 -2320 -2296 -2268 -2309 -2269 -2220 -2163 -2099 -2020 -1888 -1702 -1524 -1438 -1397 -1364 -1330 -1278 -1251 -1235 -1224 -1191 -1180 -1175 -1178 -1174 -1170 -1165 -1161 -1155 -1147 -1132 -1113 -1106 -1097 -1086 -1074 -1057 -1032 -1022 -1005 -995 -979 -966 -952 -943 -931 -911 -881 -858 -837 -817 -809 -796 -775 -759 -745 -729 -720 -721 -721 -700 -694 -690 -688 -677
-2635 -2639 -2620 -2617 -2611 -2604 -2597 -2587 -2575 -2562 -2551 -2541 -2526 -2514 -2502 -2488 -2469 -2442 -2421 -2404 -2374 -2327 -2284 -2217 -2185 -2120 -2022 -1890 -1785 -1647 -1510 -1436 -1401 -1369 -1333 -1295 -1261 -1235 -1224 -1193 -1183 -1175 -1166 -1160 -1157 -1156 -1155 -1150 -1143 -1136 -1115 -1105 -1091 -1071 -1044 -1011 -968 -925 -921 -950 -927 -922 -929 -937 -932 -914 -897 -879 -858 -835 -812 -807 -790 -771 -759 -746 -734 -725 -727 -729 -719 -703 -701 -690
-2627 -2623 -2604 -2604 -2599 -2591 -2582 -2571 -2561 -2549 -2538 -2525 -2508 -2496 -2479 -2465 -2456 -2452 -2431 -2422 -2409 -2386 -2367 -2335 -2292 -2200 -2150 -1952 -1833 -1714 -1583 -1482 -1416 -1370 -1330 -1302 -1270 -1246 -1229 -1221 -1199 -1182 -1169 -1163 -1160 -1156 -1151 -1145 -1141 -1136 -1113 -1097 -1070 -1036 -1000 -960 -913 -875 -859 -851 -853 -854 -862 -879 -896 -896 -891 -883 -873 -858 -829 -815 -797 -782 -768 -757 -746 -735 -728 -732 -731 -714 -707 -701
-2590 -2594 -2594 -2593 -2588 -2581 -2571 -2558 -2546 -2535 -2519 -2505 -2481 -2470 -2463 -2444 -2425 -2433 -2421 -2379 -2347 -2309 -2288 -2278 -2237 -2266 -2203 -2099 -1995 -1865 -1693 -1566 -1471 -1393 -1350 -1305 -1279 -1258 -1243 -1226 -1211 -1195 -1179 -1170 -1165 -1162 -1156 -1147 -1140 -1134 -1096 -1069 -1048 -1027 -1004 -975 -930 -883 -845 -836 -820 -816 -817 -827 -845 -865 -873 -873 -873 -869 -847 -837 -814 -791 -774 -762 -755 -749 -738 -736 -737 -724 -715 -708
-2579 -2582 -2585 -2584 -2581 -2575 -2561 -2546 -2534 -2520 -2498 -2477 -2457 -2440 -2438 -2430 -2405 -2376 -2386 -2393 -2357 -2314 -2257 -2188 -2155 -2173 -2102 -2037 -1881 -1772 -1635 -1559 -1502 -1423 -1363 -1293 -1271 -1259 -1250 -1231 -1214 -1198 -1188 -1179 -1172 -1167 -1162 -1150 -1132 -1116 -1098 -1038 -1023 -1011 -1001 -985 -954 -913 -871 -859 -835 -810 -806 -818 -826 -833 -846 -847 -852 -859 -848 -840 -824 -800 -782 -771 -764 -757 -752 -745 -745 -732 -725 -713
-2575 -2580 -2581 -2581 -2580 -2571 -2553 -2535 -2521 -2509 -2492 -2467 -2442 -2429 -2418 -2409 -2396 -2373 -2355 -2332 -2325 -2311 -2287 -2240 -2150 -2058 -1911 -1914 -1808 -1657 -1546 -1492 -1443 -1377 -1332 -1285 -1268 -1257 -1250 -1235 -1216 -1200 -1192 -1183 -1176 -1170 -1163 -1148 -1124 -1099 -1077 -1028 -1010 -995 -983 -973 -955 -929 -908 -904 -897 -876 -874 -880 -859 -832 -826 -825 -821 -823 -831 -829 -819 -801 -786 -777 -771 -765 -758 -754 -750 -739 -730 -717
-2574 -2565 -2574 -2576 -2576 -2569 -2553 -2529 -2510 -2494 -2478 -2459 -2434 -2420 -2408 -2396 -2386 -2377 -2373 -2334 -2302 -2278 -2263 -2240 -2191 -2073 -1930 -1813 -1734 -1608 -1514 -1456 -1401 -1345 -1307 -1285 -1266 -1253 -1243 -1231 -1218 -1205 -1192 -1186 -1179 -1172 -1163 -1145 -1119 -1091 -1071 -1030 -1007 -989 -976 -966 -950 -927 -911 -914 -908 -899 -893 -891 -885 -859 -833 -816 -811 -812 -814 -808 -802 -794 -786 -779 -774 -769 -764 -759 -754 -752 -735 -725
-2558 -2546 -2555 -2560 -2565 -2563 -2551 -2532 -2506 -2487 -2470 -2450 -2426 -2405 -2388 -2373 -2365 -2361 -2360 -2352 -2335 -2305 -2276 -2214 -2136 -2059 -1936 -1821 -1732 -1601 -1486 -1413 -1353 -1289 -1279 -1242 -1241 -1241 -1237 -1230 -1221 -1209 -1193 -1187 -1180 -1174 -1160 -1137 -1110 -1082 -1062 -1044 -1000 -983 -970 -959 -944 -924 -910 -908 -905 -896 -891 -891 -881 -846 -811 -787 -784 -792 -797 -784 -781 -783 -782 -780 -774 -769 -766 -763 -759 -754 -741 -730
-2524 -2523 -2531 -2542 -2548 -2554 -2547 -2531 -2507 -2481 -2463 -2443 -2418 -2396 -2374 -2353 -2334 -2323 -2320 -2322 -2307 -2242 -2168 -2089 -2023 -1967 -1857 -1842 -1764 -1630 -1476 -1359 -1289 -1225 -1226 -1225 -1229 -1228 -1227 -1224 -1217 -1208 -1198 -1188 -1184 -1178 -1162 -1133 -1103 -1074 -1052 -1034 -993 -978 -965 -954 -940 -922 -907 -911 -903 -897 -893 -882 -845 -801 -769 -747 -737 -743 -751 -743 -749 -765 -774 -776 -773 -769 -766 -763 -761 -752 -744 -735
-2485 -2492 -2500 -2508 -2518 -2535 -2540 -2526 -2508 -2477 -2453 -2432 -2409 -2387 -2365 -2340 -2314 -2292 -2281 -2269 -2260 -2222 -2139 -2002 -1848 -1839 -1754 -1728 -1718 -1566 -1433 -1318 -1247 -1204 -1234 -1224 -1221 -1228 -1230 -1225 -1216 -1208 -1200 -1189 -1187 -1183 -1165 -1132 -1109 -1050 -1028 -1010 -990 -975 -962 -951 -937 -920 -903 -904 -899 -892 -878 -848 -810 -776 -747 -724 -708 -702 -708 -702 -713 -733 -746 -753 -756 -761 -762 -759 -755 -750 -742 -735
-2475 -2475 -2501 -2501 -2503 -2514 -2525 -2524 -2511 -2484 -2451 -2424 -2401 -2377 -2354 -2327 -2297 -2266 -2251 -2219 -2201 -2165 -2076 -1957 -1812 -1742 -1671 -1584 -1546 -1232 -1282 -1238 -1182 -1185 -1242 -1234 -1216 -1214 -1216 -1220 -1215 -1208 -1199 -1190 -1191 -1181 -1157 -1126 -1096 -1071 -1058 -1037 -987 -972 -959 -948 -934 -918 -902 -903 -890 -875 -856 -833 -800 -766 -734 -708 -686 -670 -671 -655 -669 -694 -700 -699 -704 -720 -737 -747 -748 -743 -736 -730
-2457 -2461 -2473 -2474 -2477 -2485 -2499 -2512 -2512 -2500 -2473 -2434 -2404 -2374 -2343 -2316 -2289 -2256 -2237 -2193 -2170 -2151 -2107 -2032 -1909 -1743 -1659 -1595 -1333 -1275 -1292 -1214 -1305 -1277 -1285 -1266 -1234 -1219 -1221 -1221 -1203 -1198 -1192 -1192 -1198 -1186 -1151 -1121 -1098 -1071 -1055 -1039 -990 -971 -956 -943 -928 -914 -898 -900 -886 -868 -857 -834 -794 -758 -724 -692 -667 -651 -640 -606 -624 -648 -647 -647 -653 -665 -682 -708 -729 -733 -731 -723
-2425 -2436 -2434 -2447 -2453 -2465 -2477 -2491 -2501 -2502 -2494 -2478 -2455 -2418 -2384 -2367 -2359 -2309 -2266 -2210 -2185 -2162 -2109 -2016 -1898 -1713 -1631 -1621 -1475 -1467 -1420 -1416 -1463 -1420 -1328 -1277 -1245 -1235 -1252 -1264 -1225 -1202 -1200 -1210 -1225 -1201 -1156 -1133 -1115 -1082 -1064 -1022 -996 -972 -954 -940 -925 -910 -895 -894 -881 -864 -848 -826 -786 -749 -717 -684 -660 -629 -605 -568 -586 -603 -607 -609 -613 -623 -634 -648 -661 -699 -714 -712
-2422 -2432 -2423 -2429 -2435 -2445 -2451 -2457 -2465 -2482 -2489 -2485 -2477 -2457 -2442 -2418 -2377 -2311 -2270 -2198 -2165 -2125 -2065 -1967 -1987 -1740 -1648 -1643 -1685 -1625 -1541 -1448 -1420 -1361 -1262 -1217 -1220 -1230 -1261 -1271 -1246 -1221 -1225 -1250 -1271 -1237 -1178 -1149 -1141 -1127 -1123 -1062 -1017 -981 -957 -942 -926 -910 -894 -890 -877 -860 -841 -818 -782 -747 -712 -675 -648 -612 -593 -555 -557 -560 -566 -573 -580 -589 -598 -607 -621 -636 -661 -679
