geography/gebco_gulfofmaine_2024_n44.1458_s41.4761_w-70.9497_e-66.2146.asc
ncols        1136
nrows        641
xllcorner    -70.950000000000
yllcorner    41.475000000000
cellsize     0.004166666667
NODATA_value -32767
[rows 152 to 189 of 641, columns 87 to 173 of 1136]
64 57 46 50 39 39 34 31 33 37 37 36 30 40 32 27 34 19 33 40 39 39 36 30 24 31 35 30 28 30 26 24 21 21 23 22 20 20 16 12 3 4 7 7 6 13 16 20 22 10 2 -8 -8 -7 -8 -8 -10 -12 -12 -13 -13 -14 -13 -12 -11 -20 -18 -17 -22 -21 -24 -29 -28 -16 -19 -24 -28 -30 -29 -28 -33 -40 -41 -43 -44 -43 -45
63 62 54 49 37 35 32 30 26 32 32 35 36 41 39 31 28 34 21 30 27 28 31 28 24 18 19 22 26 27 24 18 16 12 11 12 11 13 8 8 12 4 6 5 6 6 12 9 1 0 -4 -7 -8 -8 -9 -9 -11 -14 -15 -16 -15 -15 -15 -14 -18 -4 2 -4 -11 -18 -24 -27 -28 -22 -23 -24 -21 -21 -27 -33 -37 -43 -42 -42 -46 -47 -38
68 61 45 42 34 28 29 27 26 27 37 35 36 33 27 26 25 25 19 14 13 14 13 11 11 15 9 7 18 19 17 11 6 5 7 9 6 8 9 12 10 2 3 5 5 2 8 5 -2 1 -6 -8 -9 -9 -9 -10 -12 -15 -17 -19 -20 -20 -19 -17 -11 -10 -8 -10 -17 -19 -20 -27 -31 -31 -27 -22 -24 -22 -37 -41 -42 -43 -43 -43 -45 -41 -33
67 59 43 41 35 30 26 26 26 33 43 39 29 25 24 26 26 20 18 20 18 16 17 17 15 11 13 13 11 10 8 5 0 1 2 7 6 9 15 14 15 11 7 4 3 -2 -2 -6 -4 -5 -8 -10 -9 -10 -10 -11 -13 -16 -18 -20 -22 -24 -23 -18 -16 -12 -10 -11 -15 -16 -22 -23 -34 -36 -31 -21 -21 -34 -37 -37 -39 -34 -40 -34 -29 -27 -32
66 59 49 39 38 33 29 33 33 29 33 33 27 27 30 34 36 43 48 40 26 34 29 17 20 18 25 25 21 20 19 14 0 -12 -15 -13 -4 10 10 10 10 2 5 4 0 2 -1 -5 -1 -7 -9 -10 -11 -11 -11 -10 -13 -17 -18 -21 -23 -25 -27 -25 -22 -16 -15 -13 -19 -20 -24 -26 -32 -37 -35 -27 -24 -34 -37 -36 -35 -34 -29 -28 -31 -37 -38
67 58 48 43 48 34 34 41 36 38 30 34 34 45 64 83 71 61 59 55 32 25 25 22 29 22 25 26 28 27 28 23 21 8 -4 -1 -1 -12 -4 1 5 8 5 3 6 3 5 -5 -3 -7 -8 -10 -11 -10 -11 -13 -13 -17 -18 -21 -23 -26 -27 -25 -22 -22 -24 -22 -26 -26 -26 -25 -30 -38 -41 -40 -34 -36 -32 -29 -27 -30 -31 -34 -41 -40 -44
65 58 42 38 34 32 35 41 35 36 30 36 50 67 79 83 70 58 62 48 31 29 26 32 33 29 28 30 35 28 23 22 32 36 17 0 2 1 -1 0 -8 -1 7 6 9 5 2 1 -4 -7 -9 -10 -11 -11 -12 -14 -15 -17 -19 -21 -23 -26 -28 -27 -28 -23 -25 -22 -20 -20 -20 -26 -31 -36 -41 -41 -37 -33 -27 -26 -26 -30 -34 -35 -40 -44 -47
67 58 46 38 32 29 31 33 36 33 35 55 65 72 69 67 64 60 57 44 32 24 25 25 27 33 40 38 36 32 28 22 34 28 12 21 15 9 5 -6 -5 0 0 0 1 5 2 4 -2 -7 -8 -10 -11 -11 0 -11 -16 -17 -16 -18 -23 -26 -28 -30 -31 -25 -24 -21 -21 -20 -23 -27 -32 -33 -38 -41 -36 -29 -27 -27 -28 -32 -32 -32 -38 -48 -50
68 59 49 32 32 27 29 28 26 31 40 59 68 69 61 56 55 58 42 27 24 23 27 29 33 38 44 47 43 37 34 28 25 24 23 24 27 24 14 13 6 0 -9 -3 -4 -9 3 2 -3 -6 -7 -8 -9 -11 -8 -7 -10 -15 -18 -20 -23 -26 -28 -31 -32 -24 -22 -23 -22 -22 -24 -27 -30 -33 -39 -42 -39 -33 -31 -26 -29 -37 -37 -34 -43 -52 -52
66 52 46 38 34 36 36 34 37 28 34 46 59 61 51 57 46 44 41 29 29 36 32 34 38 45 50 48 44 42 35 28 28 29 27 30 28 34 29 23 20 2 -4 -4 -5 -15 -5 0 -2 -6 -7 -8 -8 -8 -7 -7 -10 -14 -18 -19 -23 -25 -28 -31 -32 -33 -29 -26 -25 -21 -25 -22 -25 -30 -38 -43 -43 -38 -31 -32 -38 -36 -36 -44 -55 -62 -64
55 47 34 31 32 32 33 38 38 35 36 43 48 47 38 38 39 40 37 28 32 35 32 41 41 43 42 43 41 38 34 41 39 32 32 32 32 27 25 19 5 2 5 0 -2 -7 -10 -5 -4 -5 -6 -7 -7 -7 -6 0 -8 -13 -19 -17 -20 -24 -27 -30 -31 -33 -31 -30 -24 -22 -25 -24 -26 -28 -36 -43 -46 -47 -43 -36 -38 -39 -49 -59 -63 -62 -62
53 43 37 31 36 29 33 37 35 29 34 36 40 44 44 48 42 39 36 33 36 34 32 35 36 37 38 40 40 40 45 45 41 42 36 32 33 24 12 3 4 6 6 9 7 -4 -9 -12 -7 -6 -5 -6 -5 -5 -5 -4 -6 -11 -14 -15 -16 -20 -24 -25 -29 -34 -35 -33 -32 -30 -28 -27 -26 -30 -33 -40 -48 -50 -49 -49 -43 -49 -61 -64 -55 -44 -43
43 41 39 44 41 40 38 38 37 38 35 34 37 43 41 38 39 41 40 32 39 35 34 33 36 39 37 41 43 48 48 48 45 40 36 34 26 20 7 0 8 8 9 5 7 8 4 -1 -1 2 -2 -4 -3 -3 -3 -5 -5 -9 -12 -14 -13 -14 -22 -25 -23 -32 -36 -37 -38 -36 -35 -31 -29 -30 -35 -43 -49 -53 -56 -57 -56 -52 -60 -62 -57 -51 -53
35 30 35 33 38 39 39 38 34 34 36 34 34 38 40 43 48 54 48 37 38 40 34 34 39 37 37 39 44 47 48 45 44 39 40 40 30 16 7 6 7 8 10 11 7 7 10 7 5 0 -4 -1 -2 -3 -3 -5 -7 -7 -10 -15 -9 -14 -18 -20 -24 -23 -30 -36 -38 -40 -43 -42 -37 -36 -41 -47 -49 -51 -54 -61 -56 -61 -60 -59 -56 -52 -56
27 24 22 24 25 24 31 37 32 34 36 37 34 38 53 48 56 52 50 51 50 38 38 36 33 34 40 46 44 47 46 47 44 43 41 42 32 12 11 7 8 10 10 10 9 8 10 12 8 5 5 0 3 1 -1 -7 -6 -6 -3 -14 -21 -27 -21 -21 -19 -15 -22 -29 -37 -43 -43 -47 -47 -39 -47 -43 -42 -44 -50 -61 -63 -58 -54 -60 -59 -54 -54
39 37 30 29 34 35 34 38 30 31 35 34 33 37 36 38 41 45 62 60 53 38 35 31 32 40 45 48 44 44 47 45 39 31 32 28 15 11 9 8 6 8 10 10 10 12 12 13 12 12 7 1 -2 -2 2 1 5 1 5 3 -6 -22 -18 -14 -17 -20 -26 -32 -41 -37 -34 -46 -48 -43 -43 -41 -41 -44 -53 -61 -63 -58 -56 -62 -64 -57 -57
34 41 45 47 40 33 31 31 35 29 31 34 38 37 39 39 38 57 63 57 44 40 35 29 34 40 45 44 48 47 42 39 39 28 26 16 11 7 10 9 9 11 8 10 13 14 12 14 18 13 8 1 0 -3 -2 -3 3 0 3 -6 -10 -13 -15 -16 -21 -18 -19 -31 -39 -40 -35 -46 -50 -50 -48 -47 -49 -54 -51 -60 -60 -56 -58 -57 -63 -61 -61
39 54 53 51 43 29 24 27 33 29 24 33 36 37 32 35 35 47 64 51 40 41 34 35 38 41 44 51 47 42 40 37 35 24 15 14 10 8 5 6 7 3 10 13 12 9 12 16 20 15 10 5 1 -1 -6 -7 -6 -6 -6 -8 -10 -13 -17 -22 -25 -31 -36 -40 -44 -47 -47 -36 -40 -44 -42 -48 -53 -56 -55 -56 -48 -64 -68 -70 -74 -73 -64
42 48 54 45 35 30 21 19 22 29 30 29 33 38 35 37 38 47 51 50 43 34 34 41 42 47 51 50 46 37 29 25 23 17 16 16 15 17 14 14 13 8 11 6 6 12 9 17 15 15 9 1 -5 -7 -8 -8 -9 -9 -9 -11 -12 -13 -13 -13 -19 -31 -36 -42 -44 -46 -50 -57 -55 -39 -31 -35 -51 -51 -63 -66 -67 -68 -70 -72 -63 -72 -75
35 38 37 40 38 39 36 33 30 22 31 26 26 28 39 45 42 41 38 38 41 32 34 39 47 51 49 45 42 31 22 19 17 18 19 19 19 15 12 16 9 11 9 5 5 11 8 12 14 13 9 -4 -8 -11 -12 -12 -15 -15 -16 -14 -12 -14 -15 -17 -21 -23 -34 -42 -45 -47 -53 -58 -61 -59 -56 -59 -63 -67 -68 -68 -70 -71 -73 -75 -72 -76 -72
31 32 34 41 35 34 33 29 33 29 24 28 30 29 36 38 40 39 32 30 37 31 30 42 47 49 43 41 31 22 17 15 18 19 20 19 18 20 18 16 13 8 7 13 16 10 6 10 10 6 1 -6 -9 -12 -13 -13 -18 -18 -16 -14 -13 -14 -18 -19 -21 -21 -29 -39 -43 -47 -53 -58 -60 -62 -65 -66 -67 -69 -70 -66 -71 -70 -75 -79 -78 -80 -78
31 33 37 37 37 36 33 37 32 28 29 29 28 27 34 40 42 34 32 27 29 29 34 35 43 37 34 28 17 16 13 16 19 20 20 13 22 22 19 16 17 15 6 9 13 8 2 8 4 3 1 -7 -10 -13 -15 -16 -15 -20 -20 -18 -17 -16 -19 -21 -25 -22 -29 -34 -37 -41 -53 -58 -59 -61 -66 -68 -70 -72 -69 -66 -74 -74 -80 -82 -84 -85 -87
35 34 39 40 37 40 42 34 30 28 24 22 23 28 39 43 40 38 38 27 26 26 28 35 41 32 20 15 12 13 14 16 20 21 16 14 16 21 16 11 9 11 15 9 9 12 3 0 -1 -6 -7 -8 -10 -14 -18 -22 -22 -21 -18 -19 -17 -20 -18 -20 -26 -28 -32 -37 -37 -34 -51 -58 -60 -63 -68 -70 -72 -74 -71 -74 -75 -80 -82 -83 -85 -88 -89
47 44 45 46 44 45 42 27 24 24 25 20 24 28 33 38 40 36 33 32 29 23 22 28 34 27 20 12 18 12 13 17 22 12 12 13 15 18 16 11 9 7 2 4 8 7 3 -3 -3 -1 -10 -11 -12 -17 -21 -24 -23 -22 -18 -18 -22 -22 -27 -26 -30 -35 -35 -35 -34 -35 -51 -57 -61 -67 -70 -72 -74 -75 -76 -72 -77 -80 -82 -83 -85 -88 -91
48 48 45 50 47 42 33 25 23 22 21 21 26 28 32 34 37 31 26 24 26 24 19 20 25 20 17 18 20 15 10 15 16 17 19 11 13 13 14 7 8 8 6 11 10 5 -2 2 -8 -10 -14 -15 -17 -20 -23 -28 -23 -21 -17 -20 -25 -30 -31 -35 -32 -35 -35 -34 -32 -40 -42 -42 -52 -65 -71 -73 -75 -77 -77 -77 -78 -81 -83 -84 -86 -89 -91
44 43 46 45 42 45 36 26 26 28 26 24 28 20 20 21 29 26 25 26 22 19 16 18 21 23 24 19 18 13 9 12 14 24 18 15 16 10 6 7 3 4 1 8 10 1 -7 -8 -9 -11 -18 -19 -21 -25 -24 -23 -19 -22 -22 -18 -24 -36 -38 -33 -36 -32 -37 -39 -38 -37 -38 -45 -64 -67 -71 -74 -76 -77 -77 -79 -80 -78 -79 -81 -86 -89 -91
47 45 43 31 21 29 35 33 32 33 29 32 33 30 17 18 22 25 22 29 25 18 19 20 18 24 27 20 15 7 8 7 10 19 12 9 15 14 7 0 -1 -1 3 2 1 3 11 -10 -11 -13 -15 -21 -24 -23 -29 -27 -24 -22 -19 -21 -24 -30 -32 -31 -38 -35 -40 -40 -36 -36 -33 -34 -50 -41 -48 -67 -76 -78 -79 -80 -82 -83 -83 -85 -87 -89 -89
47 47 45 44 46 38 23 18 26 28 29 30 24 19 19 15 21 19 22 21 20 17 18 18 21 34 28 17 20 21 12 14 11 9 13 4 12 11 4 -3 -2 0 0 -1 -2 -8 -11 -12 -13 -15 -18 -23 -25 -29 -33 -24 -26 -27 -23 -22 -26 -29 -32 -32 -34 -40 -40 -37 -33 -35 -41 -45 -42 -39 -41 -56 -73 -78 -80 -81 -82 -84 -85 -87 -88 -93 -95
43 47 54 51 37 35 28 25 20 22 31 29 21 14 16 7 16 19 20 17 21 16 13 19 22 20 22 17 18 21 15 15 9 7 5 -2 -1 1 -1 -1 -2 -3 -3 -5 -8 -12 -14 -14 -15 -17 -20 -24 -26 -31 -32 -25 -28 -29 -28 -24 -26 -28 -31 -32 -33 -43 -39 -42 -39 -36 -38 -35 -39 -43 -42 -50 -69 -78 -80 -82 -83 -85 -86 -87 -88 -110 -116
39 45 51 42 44 34 30 26 24 21 23 25 22 19 21 18 15 16 16 16 18 18 19 13 16 13 17 15 15 19 16 15 11 5 3 4 -3 -4 -3 -5 -6 -7 -7 -10 -12 -15 -15 -14 -19 -20 -23 -28 -30 -33 -34 -31 -32 -29 -27 -27 -28 -28 -32 -33 -34 -39 -40 -43 -43 -35 -38 -36 -38 -43 -42 -45 -64 -78 -80 -82 -83 -84 -86 -87 -89 -101 -105
36 34 34 33 33 25 27 26 27 24 18 16 18 26 21 16 13 6 12 15 18 14 16 16 18 15 13 13 18 14 13 9 9 5 7 4 -2 -2 -3 -8 -9 -11 -11 -13 -16 -21 -19 -20 -23 -23 -24 -29 -32 -36 -38 -36 -32 -32 -30 -28 -30 -34 -32 -36 -32 -35 -40 -46 -44 -38 -36 -36 -39 -44 -49 -45 -51 -62 -78 -81 -78 -78 -84 -87 -90 -91 -92
33 32 31 31 26 29 25 25 24 23 19 3 13 18 18 17 13 13 3 6 12 15 19 15 9 17 13 16 14 16 16 11 14 10 6 3 1 1 -1 -10 -12 -14 -15 -16 -16 -18 -23 -24 -26 -24 -29 -33 -34 -37 -37 -38 -32 -32 -32 -31 -31 -34 -33 -33 -33 -37 -41 -42 -45 -40 -45 -42 -44 -51 -43 -47 -45 -48 -67 -79 -80 -81 -85 -86 -90 -94 -95
35 34 25 29 28 26 25 22 21 23 19 16 7 16 18 17 16 16 12 11 8 13 13 12 4 11 13 13 18 15 20 17 13 11 14 10 0 -3 -2 -7 -10 -14 -17 -21 -18 -21 -24 -27 -30 -27 -33 -35 -34 -38 -36 -39 -37 -38 -37 -32 -33 -32 -33 -32 -34 -37 -40 -41 -42 -45 -47 -50 -53 -41 -43 -47 -42 -47 -49 -53 -61 -74 -85 -81 -74 -98 -116
40 33 27 26 25 23 23 20 16 20 15 16 10 12 19 17 13 14 15 17 16 17 8 12 6 4 4 9 15 25 22 17 15 13 15 7 -1 8 -4 -4 -4 -13 -17 -20 -23 -22 -27 -32 -32 -38 -39 -42 -42 -43 -45 -39 -43 -41 -38 -38 -37 -31 -30 -31 -38 -40 -40 -43 -41 -38 -37 -41 -40 -54 -48 -44 -43 -47 -53 -54 -55 -62 -55 -69 -78 -80 -88
58 39 40 35 25 23 20 17 16 20 20 18 15 8 19 16 15 13 14 17 12 14 16 16 15 12 6 10 16 20 23 23 16 9 7 5 1 2 -4 -6 -6 -13 -18 -22 -23 -22 -26 -31 -37 -38 -40 -43 -44 -45 -43 -43 -43 -44 -41 -44 -41 -36 -33 -34 -39 -42 -43 -42 -39 -37 -45 -38 -43 -52 -53 -49 -52 -53 -57 -58 -60 -56 -62 -65 -76 -83 -86
52 42 40 36 30 28 19 17 17 17 16 18 14 13 7 13 13 16 17 19 13 11 12 17 13 5 3 9 4 21 22 22 16 8 12 1 -2 -3 -4 1 -6 -19 -23 -24 -26 -30 -33 -37 -39 -41 -41 -44 -46 -47 -46 -44 -47 -44 -44 -43 -38 -36 -37 -35 -44 -42 -42 -44 -41 -38 -39 -39 -47 -49 -51 -53 -52 -52 -57 -62 -62 -62 -68 -66 -65 -67 -67
50 42 34 33 26 18 19 16 17 14 14 14 15 15 11 1 12 15 14 16 17 13 11 7 5 6 1 9 12 19 26 18 16 7 8 -6 -5 -5 -5 -9 -16 -25 -32 -25 -27 -31 -37 -40 -42 -43 -40 -43 -47 -47 -46 -45 -49 -46 -46 -45 -43 -41 -39 -36 -39 -41 -41 -41 -41 -41 -41 -39 -40 -46 -57 -56 -57 -59 -54 -61 -59 -71 -70 -67 -66 -67 -67
49 43 37 32 31 22 17 19 12 14 14 12 11 13 11 7 4 11 13 12 10 9 11 12 3 9 7 1 14 18 17 20 16 10 -5 -8 -4 -3 -7 -9 -19 -31 -45 -30 -33 -33 -37 -42 -44 -45 -46 -45 -48 -48 -50 -46 -48 -46 -47 -46 -44 -42 -39 -38 -41 -42 -42 -40 -40 -42 -42 -43 -44 -46 -54 -59 -58 -62 -56 -57 -65 -72 -70 -65 -67 -71 -70
