geography/gebco_morrobay_2023_n36.2_s35.2_w-122.3_e-121.3.asc
ncols        240
nrows        240
xllcorner    -122.300000000000
yllcorner    35.200000000000
cellsize     0.004166666667
NODATA_value -32767
[rows 180 to 215 of 240, columns 0 to 80 of 240]
-3720 -3724 -3718 -3718 -3743 -3747 -3744 -3740 -3734 -3699 -3689 -3684 -3686 -3685 -3684 -3684 -3681 -3674 -3616 -3533 -3465 -3401 -3310 -3237 -3166 -3124 -3084 -3050 -3014 -2974 -2940 -2907 -2873 -2852 -2833 -2817 -2797 -2771 -2765 -2777 -2798 -2841 -2864 -2733 -2657 -2601 -2572 -2536 -2493 -2475 -2469 -2402 -2328 -2289 -2238 -2184 -2138 -2089 -2050 -2024 -2006 -1973 -1941 -1915 -1897 -1880 -1820 -1791 -1776 -1761 -1747 -1734 -1719 -1704 -1691 -1706 -1695 -1680 -1667 -1656 -1645
-3722 -3723 -3727 -3740 -3748 -3753 -3747 -3742 -3738 -3735 -3691 -3686 -3687 -3686 -3683 -3682 -3682 -3679 -3642 -3559 -3488 -3416 -3337 -3273 -3223 -3198 -3124 -3094 -3063 -3012 -2971 -2935 -2907 -2887 -2870 -2863 -2840 -2809 -2818 -2840 -2862 -2880 -2862 -2724 -2676 -2642 -2615 -2598 -2601 -2566 -2486 -2409 -2374 -2327 -2271 -2230 -2186 -2133 -2101 -2074 -2055 -2012 -1973 -1944 -1912 -1918 -1864 -1819 -1799 -1783 -1769 -1756 -1742 -1727 -1716 -1731 -1719 -1709 -1696 -1684 -1672
-3722 -3721 -3727 -3751 -3761 -3756 -3754 -3750 -3746 -3741 -3733 -3695 -3683 -3686 -3684 -3685 -3688 -3685 -3659 -3582 -3524 -3455 -3384 -3328 -3274 -3236 -3167 -3125 -3092 -3047 -3010 -2979 -2948 -2930 -2924 -2907 -2873 -2860 -2878 -2902 -2931 -2886 -2826 -2731 -2701 -2674 -2729 -2751 -2654 -2576 -2488 -2445 -2404 -2355 -2309 -2262 -2215 -2189 -2183 -2132 -2101 -2071 -2009 -1970 -1936 -1931 -1920 -1867 -1829 -1806 -1791 -1776 -1761 -1748 -1744 -1752 -1745 -1733 -1722 -1711 -1700
-3719 -3719 -3722 -3734 -3748 -3746 -3749 -3745 -3748 -3745 -3734 -3727 -3684 -3683 -3682 -3680 -3680 -3681 -3675 -3602 -3539 -3503 -3449 -3392 -3338 -3283 -3248 -3175 -3130 -3084 -3052 -3020 -2990 -2978 -2969 -2925 -2906 -2937 -2955 -2975 -2952 -2876 -2812 -2785 -2742 -2762 -2838 -2733 -2688 -2549 -2511 -2467 -2422 -2372 -2330 -2295 -2278 -2262 -2225 -2191 -2129 -2093 -2043 -2005 -1977 -1956 -1939 -1922 -1885 -1832 -1813 -1798 -1777 -1773 -1763 -1774 -1772 -1761 -1747 -1737 -1729
-3713 -3712 -3723 -3728 -3746 -3750 -3748 -3745 -3744 -3742 -3739 -3731 -3688 -3679 -3674 -3674 -3669 -3670 -3679 -3666 -3577 -3534 -3498 -3446 -3398 -3342 -3297 -3273 -3166 -3119 -3089 -3057 -3036 -3027 -3002 -2968 -2984 -3010 -3025 -3000 -2927 -2873 -2848 -2842 -2830 -2794 -2787 -2657 -2614 -2578 -2535 -2498 -2472 -2410 -2373 -2354 -2329 -2292 -2246 -2207 -2175 -2111 -2079 -2051 -2007 -1981 -1962 -1946 -1921 -1867 -1836 -1822 -1803 -1791 -1783 -1780 -1789 -1784 -1773 -1763 -1753
-3715 -3720 -3716 -3714 -3736 -3737 -3744 -3751 -3749 -3745 -3740 -3734 -3722 -3673 -3670 -3667 -3667 -3668 -3675 -3683 -3628 -3568 -3532 -3440 -3412 -3376 -3335 -3276 -3214 -3172 -3135 -3098 -3087 -3078 -3055 -3047 -3080 -3110 -3070 -2998 -2958 -2941 -2916 -2878 -2837 -2753 -2706 -2676 -2641 -2606 -2572 -2556 -2531 -2466 -2426 -2387 -2351 -2313 -2274 -2228 -2186 -2140 -2113 -2078 -2036 -2007 -1983 -1957 -1946 -1928 -1867 -1840 -1825 -1818 -1807 -1797 -1808 -1808 -1796 -1785 -1776
-3726 -3720 -3708 -3716 -3724 -3743 -3752 -3746 -3738 -3739 -3741 -3733 -3721 -3673 -3669 -3672 -3670 -3670 -3675 -3686 -3664 -3615 -3559 -3489 -3439 -3383 -3337 -3308 -3261 -3234 -3198 -3157 -3146 -3135 -3128 -3141 -3179 -3160 -3087 -3039 -3010 -2950 -2895 -2844 -2804 -2769 -2750 -2709 -2673 -2645 -2625 -2605 -2575 -2506 -2466 -2411 -2365 -2324 -2284 -2245 -2203 -2173 -2135 -2097 -2066 -2033 -2007 -1978 -1967 -1959 -1926 -1876 -1853 -1839 -1830 -1819 -1810 -1841 -1821 -1809 -1797
-3732 -3729 -3720 -3706 -3709 -3722 -3733 -3730 -3736 -3746 -3743 -3732 -3723 -3713 -3680 -3679 -3678 -3675 -3674 -3686 -3682 -3659 -3555 -3527 -3464 -3403 -3356 -3332 -3302 -3284 -3262 -3228 -3207 -3196 -3215 -3242 -3227 -3161 -3083 -3013 -2964 -2927 -2883 -2839 -2806 -2799 -2776 -2768 -2721 -2702 -2671 -2625 -2585 -2536 -2485 -2430 -2377 -2322 -2298 -2262 -2218 -2185 -2170 -2127 -2092 -2059 -2030 -2000 -1994 -1978 -1963 -1927 -1876 -1860 -1852 -1844 -1834 -1862 -1844 -1828 -1819
-3735 -3724 -3722 -3714 -3709 -3709 -3724 -3740 -3756 -3751 -3740 -3732 -3727 -3721 -3719 -3687 -3683 -3682 -3687 -3690 -3688 -3681 -3637 -3564 -3490 -3428 -3385 -3353 -3328 -3310 -3301 -3287 -3265 -3276 -3341 -3288 -3193 -3132 -3072 -3021 -2984 -2952 -2910 -2871 -2840 -2825 -2834 -2799 -2783 -2723 -2681 -2645 -2607 -2554 -2494 -2440 -2394 -2354 -2323 -2284 -2243 -2207 -2185 -2153 -2118 -2083 -2067 -2038 -2006 -1988 -1980 -1970 -1915 -1885 -1874 -1865 -1858 -1849 -1859 -1856 -1846
-3729 -3728 -3731 -3725 -3722 -3720 -3724 -3739 -3750 -3751 -3745 -3739 -3734 -3731 -3733 -3731 -3692 -3688 -3686 -3705 -3698 -3693 -3665 -3599 -3541 -3486 -3437 -3400 -3377 -3360 -3350 -3345 -3351 -3417 -3375 -3259 -3195 -3147 -3102 -3058 -3021 -2987 -2954 -2922 -2899 -2882 -2859 -2838 -2802 -2749 -2706 -2670 -2609 -2555 -2513 -2465 -2420 -2374 -2340 -2304 -2266 -2233 -2211 -2183 -2155 -2113 -2096 -2068 -2022 -2008 -2008 -1998 -1943 -1910 -1900 -1887 -1884 -1877 -1866 -1883 -1873
-3735 -3738 -3735 -3735 -3730 -3730 -3723 -3728 -3753 -3749 -3754 -3748 -3743 -3742 -3743 -3739 -3726 -3715 -3709 -3702 -3689 -3684 -3683 -3642 -3602 -3551 -3492 -3447 -3425 -3416 -3405 -3416 -3456 -3451 -3328 -3264 -3216 -3176 -3133 -3089 -3062 -3026 -3004 -2979 -2942 -2910 -2864 -2837 -2802 -2787 -2721 -2657 -2615 -2575 -2538 -2503 -2456 -2400 -2349 -2328 -2308 -2280 -2245 -2214 -2180 -2152 -2128 -2093 -2061 -2044 -2033 -2012 -1969 -1951 -1939 -1925 -1916 -1909 -1897 -1913 -1901
-3739 -3748 -3741 -3733 -3731 -3729 -3729 -3725 -3724 -3745 -3759 -3754 -3751 -3748 -3743 -3733 -3727 -3719 -3712 -3703 -3690 -3683 -3692 -3669 -3637 -3604 -3571 -3530 -3527 -3520 -3520 -3541 -3524 -3422 -3349 -3296 -3242 -3205 -3164 -3134 -3124 -3073 -3020 -2977 -2940 -2907 -2875 -2846 -2835 -2797 -2734 -2699 -2647 -2587 -2561 -2529 -2498 -2449 -2394 -2378 -2359 -2321 -2285 -2250 -2215 -2189 -2170 -2134 -2107 -2077 -2060 -2030 -2009 -1992 -1976 -1966 -1955 -1941 -1926 -1934 -1929
-3741 -3745 -3773 -3732 -3735 -3731 -3730 -3731 -3722 -3734 -3750 -3757 -3749 -3748 -3747 -3741 -3734 -3723 -3718 -3705 -3693 -3690 -3699 -3688 -3661 -3655 -3652 -3639 -3637 -3610 -3615 -3652 -3566 -3450 -3382 -3339 -3295 -3269 -3229 -3178 -3151 -3078 -3029 -2997 -2965 -2932 -2899 -2863 -2835 -2828 -2760 -2733 -2670 -2613 -2584 -2551 -2526 -2481 -2445 -2409 -2376 -2354 -2324 -2291 -2262 -2231 -2201 -2179 -2159 -2110 -2071 -2058 -2041 -2019 -2000 -1986 -1973 -1959 -1943 -1925 -1933
-3741 -3733 -3737 -3739 -3731 -3733 -3738 -3736 -3728 -3732 -3741 -3746 -3753 -3750 -3756 -3748 -3736 -3730 -3725 -3712 -3703 -3706 -3707 -3705 -3692 -3702 -3681 -3679 -3686 -3676 -3699 -3662 -3556 -3479 -3439 -3414 -3368 -3304 -3241 -3196 -3172 -3106 -3057 -3026 -2996 -2963 -2926 -2881 -2834 -2821 -2777 -2734 -2678 -2649 -2630 -2606 -2565 -2517 -2471 -2425 -2399 -2373 -2340 -2306 -2279 -2255 -2234 -2215 -2203 -2135 -2096 -2079 -2065 -2044 -2019 -1990 -1976 -1964 -1951 -1934 -1921
-3734 -3739 -3739 -3737 -3735 -3739 -3743 -3740 -3741 -3743 -3743 -3742 -3749 -3755 -3753 -3746 -3744 -3741 -3731 -3719 -3715 -3717 -3712 -3715 -3709 -3718 -3716 -3715 -3737 -3720 -3688 -3643 -3574 -3527 -3486 -3437 -3366 -3306 -3259 -3229 -3193 -3139 -3090 -3050 -3015 -2986 -2952 -2904 -2861 -2843 -2818 -2771 -2708 -2682 -2660 -2621 -2578 -2533 -2485 -2434 -2404 -2374 -2356 -2307 -2271 -2257 -2241 -2220 -2198 -2164 -2127 -2099 -2096 -2076 -2049 -2008 -1983 -1969 -1957 -1944 -1935
-3736 -3733 -3740 -3745 -3742 -3742 -3743 -3749 -3748 -3740 -3730 -3725 -3734 -3752 -3751 -3753 -3757 -3752 -3741 -3734 -3725 -3720 -3702 -3708 -3717 -3728 -3751 -3761 -3771 -3773 -3720 -3645 -3561 -3542 -3505 -3450 -3389 -3342 -3298 -3257 -3227 -3189 -3134 -3081 -3036 -2997 -2963 -2933 -2904 -2869 -2847 -2779 -2737 -2696 -2664 -2619 -2579 -2536 -2492 -2449 -2410 -2384 -2373 -2337 -2285 -2252 -2235 -2213 -2190 -2174 -2148 -2124 -2106 -2102 -2066 -2027 -2002 -1985 -1970 -1958 -1949
-3740 -3742 -3742 -3747 -3749 -3748 -3740 -3743 -3749 -3742 -3741 -3739 -3739 -3748 -3758 -3766 -3762 -3758 -3754 -3748 -3742 -3714 -3714 -3747 -3749 -3744 -3758 -3764 -3769 -3768 -3761 -3666 -3601 -3577 -3549 -3497 -3432 -3395 -3368 -3300 -3247 -3208 -3155 -3108 -3061 -3017 -2980 -2957 -2925 -2884 -2846 -2796 -2748 -2710 -2666 -2621 -2575 -2538 -2506 -2472 -2434 -2405 -2385 -2358 -2326 -2293 -2257 -2222 -2194 -2172 -2158 -2126 -2121 -2123 -2072 -2041 -2020 -2004 -1989 -1976 -1966
-3744 -3742 -3745 -3749 -3750 -3747 -3739 -3737 -3751 -3749 -3749 -3747 -3744 -3760 -3773 -3770 -3762 -3768 -3770 -3764 -3760 -3754 -3734 -3763 -3745 -3756 -3760 -3758 -3752 -3751 -3742 -3701 -3637 -3585 -3573 -3546 -3493 -3440 -3397 -3327 -3271 -3222 -3172 -3137 -3088 -3043 -3008 -2974 -2932 -2888 -2845 -2819 -2762 -2731 -2685 -2636 -2581 -2538 -2509 -2480 -2441 -2409 -2390 -2371 -2343 -2320 -2284 -2238 -2205 -2174 -2148 -2125 -2119 -2098 -2072 -2051 -2036 -2020 -2006 -1993 -1983
-3748 -3746 -3748 -3746 -3748 -3746 -3748 -3755 -3757 -3756 -3756 -3751 -3755 -3763 -3765 -3765 -3770 -3778 -3774 -3767 -3766 -3766 -3771 -3746 -3748 -3756 -3753 -3740 -3724 -3736 -3742 -3719 -3680 -3639 -3602 -3592 -3533 -3473 -3418 -3354 -3314 -3248 -3197 -3164 -3123 -3087 -3044 -2985 -2935 -2889 -2843 -2806 -2777 -2733 -2704 -2644 -2596 -2547 -2510 -2483 -2445 -2409 -2387 -2370 -2346 -2321 -2295 -2256 -2223 -2196 -2169 -2138 -2128 -2098 -2084 -2071 -2054 -2037 -2023 -2013 -2002
-3753 -3752 -3755 -3753 -3756 -3761 -3762 -3765 -3760 -3761 -3757 -3759 -3753 -3747 -3747 -3746 -3756 -3773 -3779 -3778 -3777 -3777 -3777 -3753 -3751 -3751 -3751 -3739 -3713 -3747 -3738 -3735 -3709 -3668 -3616 -3601 -3565 -3511 -3447 -3388 -3349 -3283 -3228 -3195 -3158 -3117 -3077 -3000 -2939 -2897 -2854 -2812 -2782 -2722 -2688 -2665 -2604 -2557 -2519 -2493 -2458 -2419 -2386 -2366 -2343 -2318 -2297 -2272 -2242 -2213 -2192 -2164 -2138 -2138 -2130 -2127 -2090 -2058 -2042 -2030 -2020
-3766 -3761 -3759 -3759 -3762 -3764 -3763 -3767 -3773 -3763 -3771 -3771 -3758 -3744 -3746 -3761 -3763 -3766 -3779 -3789 -3788 -3786 -3783 -3780 -3778 -3757 -3771 -3750 -3726 -3731 -3735 -3736 -3726 -3688 -3635 -3623 -3593 -3554 -3484 -3429 -3387 -3324 -3261 -3221 -3186 -3140 -3082 -3012 -2951 -2897 -2856 -2817 -2771 -2729 -2691 -2670 -2612 -2578 -2530 -2502 -2473 -2439 -2403 -2381 -2353 -2321 -2304 -2289 -2266 -2236 -2208 -2180 -2172 -2179 -2182 -2188 -2142 -2083 -2062 -2049 -2038
-3768 -3762 -3761 -3765 -3765 -3768 -3771 -3782 -3806 -3775 -3777 -3779 -3767 -3756 -3755 -3761 -3785 -3791 -3798 -3797 -3795 -3792 -3787 -3783 -3781 -3780 -3776 -3751 -3741 -3732 -3728 -3730 -3729 -3718 -3680 -3648 -3617 -3598 -3534 -3479 -3420 -3363 -3292 -3240 -3196 -3143 -3080 -3018 -2966 -2917 -2869 -2829 -2780 -2749 -2699 -2659 -2627 -2587 -2537 -2516 -2490 -2457 -2423 -2399 -2365 -2329 -2305 -2291 -2280 -2255 -2217 -2179 -2170 -2163 -2160 -2176 -2205 -2124 -2086 -2070 -2057
-3773 -3770 -3769 -3765 -3767 -3773 -3778 -3832 -3783 -3772 -3784 -3776 -3776 -3783 -3780 -3812 -3807 -3801 -3802 -3801 -3797 -3797 -3790 -3789 -3787 -3784 -3782 -3775 -3741 -3729 -3709 -3716 -3723 -3718 -3710 -3695 -3675 -3633 -3581 -3509 -3438 -3372 -3303 -3253 -3202 -3147 -3093 -3039 -2987 -2945 -2891 -2840 -2790 -2750 -2740 -2680 -2659 -2609 -2565 -2540 -2518 -2485 -2445 -2417 -2394 -2358 -2328 -2310 -2287 -2265 -2231 -2192 -2188 -2177 -2158 -2174 -2212 -2224 -2112 -2093 -2084
-3775 -3772 -3769 -3768 -3769 -3801 -3802 -3780 -3779 -3780 -3782 -3782 -3787 -3787 -3779 -3791 -3798 -3798 -3800 -3794 -3794 -3802 -3801 -3797 -3791 -3785 -3783 -3768 -3745 -3714 -3707 -3709 -3716 -3716 -3714 -3718 -3696 -3644 -3573 -3505 -3442 -3378 -3315 -3258 -3212 -3164 -3123 -3083 -3034 -2976 -2911 -2860 -2817 -2779 -2762 -2729 -2682 -2650 -2592 -2562 -2535 -2514 -2470 -2441 -2424 -2394 -2360 -2332 -2299 -2271 -2241 -2220 -2226 -2201 -2179 -2200 -2235 -2256 -2143 -2119 -2126
-3776 -3775 -3776 -3768 -3771 -3776 -3778 -3782 -3793 -3788 -3790 -3791 -3790 -3792 -3790 -3774 -3804 -3803 -3800 -3802 -3805 -3805 -3800 -3796 -3790 -3783 -3785 -3726 -3715 -3719 -3711 -3708 -3709 -3708 -3705 -3709 -3686 -3630 -3552 -3503 -3446 -3395 -3338 -3278 -3234 -3200 -3170 -3140 -3082 -3006 -2940 -2893 -2851 -2811 -2787 -2773 -2714 -2682 -2627 -2585 -2560 -2535 -2493 -2471 -2460 -2436 -2391 -2358 -2329 -2301 -2272 -2258 -2269 -2239 -2218 -2248 -2273 -2274 -2233 -2158 -2171
-3780 -3778 -3774 -3777 -3778 -3780 -3785 -3787 -3791 -3796 -3797 -3792 -3792 -3793 -3785 -3793 -3801 -3811 -3812 -3809 -3802 -3796 -3794 -3789 -3790 -3790 -3784 -3732 -3727 -3722 -3715 -3707 -3699 -3695 -3692 -3691 -3675 -3608 -3537 -3486 -3459 -3429 -3387 -3324 -3267 -3218 -3174 -3116 -3067 -3012 -2954 -2916 -2884 -2832 -2795 -2782 -2768 -2718 -2682 -2620 -2583 -2555 -2520 -2499 -2486 -2461 -2428 -2399 -2364 -2323 -2304 -2284 -2282 -2260 -2229 -2247 -2279 -2306 -2283 -2204 -2240
-3785 -3782 -3782 -3779 -3781 -3786 -3790 -3793 -3795 -3797 -3796 -3794 -3786 -3790 -3792 -3794 -3800 -3813 -3804 -3798 -3792 -3788 -3785 -3784 -3786 -3789 -3786 -3736 -3722 -3717 -3707 -3695 -3686 -3679 -3679 -3682 -3665 -3606 -3542 -3488 -3476 -3454 -3408 -3356 -3288 -3221 -3166 -3088 -3037 -2991 -2947 -2915 -2885 -2857 -2832 -2825 -2809 -2757 -2707 -2665 -2609 -2573 -2535 -2504 -2485 -2459 -2459 -2434 -2392 -2361 -2335 -2299 -2303 -2285 -2253 -2263 -2288 -2319 -2311 -2303 -2345
-3789 -3789 -3790 -3788 -3791 -3793 -3795 -3798 -3799 -3799 -3798 -3794 -3792 -3796 -3797 -3783 -3787 -3793 -3790 -3786 -3788 -3788 -3788 -3782 -3784 -3787 -3785 -3762 -3723 -3710 -3697 -3682 -3670 -3660 -3656 -3672 -3652 -3610 -3563 -3513 -3479 -3455 -3415 -3372 -3306 -3238 -3179 -3094 -3038 -2998 -2954 -2909 -2884 -2888 -2898 -2889 -2844 -2827 -2736 -2683 -2636 -2600 -2564 -2528 -2484 -2470 -2484 -2455 -2437 -2417 -2391 -2354 -2349 -2317 -2303 -2330 -2339 -2355 -2338 -2360 -2354
-3795 -3793 -3794 -3793 -3793 -3796 -3796 -3795 -3798 -3799 -3796 -3799 -3796 -3795 -3792 -3790 -3789 -3785 -3785 -3789 -3791 -3794 -3789 -3780 -3770 -3775 -3772 -3756 -3745 -3706 -3692 -3677 -3664 -3654 -3650 -3656 -3654 -3630 -3586 -3523 -3482 -3424 -3403 -3354 -3296 -3238 -3174 -3111 -3064 -3024 -2984 -2948 -2930 -2949 -2961 -2945 -2891 -2829 -2761 -2692 -2655 -2636 -2587 -2551 -2510 -2483 -2509 -2496 -2478 -2456 -2425 -2400 -2405 -2386 -2368 -2403 -2405 -2404 -2389 -2370 -2363
-3800 -3799 -3800 -3799 -3799 -3800 -3801 -3798 -3797 -3800 -3797 -3800 -3797 -3795 -3794 -3792 -3789 -3786 -3783 -3794 -3797 -3791 -3773 -3766 -3762 -3758 -3750 -3744 -3745 -3731 -3692 -3676 -3663 -3651 -3643 -3638 -3641 -3630 -3596 -3541 -3487 -3433 -3404 -3363 -3285 -3219 -3167 -3135 -3090 -3048 -3017 -2995 -2966 -3000 -2998 -2951 -2882 -2813 -2777 -2711 -2671 -2656 -2607 -2575 -2543 -2510 -2546 -2541 -2517 -2487 -2460 -2475 -2487 -2482 -2469 -2474 -2446 -2432 -2414 -2393 -2384
-3804 -3807 -3809 -3807 -3805 -3804 -3801 -3798 -3799 -3799 -3798 -3799 -3798 -3796 -3794 -3792 -3790 -3790 -3787 -3787 -3782 -3775 -3776 -3773 -3772 -3770 -3760 -3752 -3749 -3734 -3691 -3669 -3658 -3647 -3636 -3626 -3624 -3621 -3600 -3564 -3509 -3451 -3401 -3371 -3302 -3233 -3186 -3169 -3126 -3081 -3041 -3020 -3013 -3046 -3015 -2965 -2892 -2821 -2771 -2729 -2685 -2667 -2620 -2596 -2589 -2570 -2575 -2562 -2549 -2518 -2516 -2545 -2548 -2550 -2533 -2505 -2464 -2439 -2426 -2412 -2419
-3811 -3815 -3814 -3813 -3808 -3805 -3803 -3801 -3798 -3799 -3799 -3798 -3797 -3796 -3795 -3794 -3793 -3792 -3787 -3776 -3765 -3774 -3773 -3789 -3791 -3785 -3772 -3764 -3756 -3740 -3714 -3656 -3661 -3648 -3637 -3624 -3618 -3632 -3604 -3586 -3540 -3481 -3426 -3382 -3328 -3284 -3227 -3201 -3157 -3109 -3063 -3039 -3059 -3081 -3060 -3011 -2931 -2845 -2790 -2766 -2708 -2666 -2633 -2625 -2635 -2631 -2613 -2599 -2596 -2577 -2596 -2621 -2631 -2596 -2550 -2518 -2490 -2469 -2479 -2478 -2461
-3819 -3819 -3812 -3813 -3810 -3807 -3804 -3801 -3801 -3800 -3800 -3798 -3796 -3795 -3798 -3798 -3791 -3787 -3777 -3768 -3770 -3773 -3792 -3794 -3790 -3781 -3762 -3757 -3757 -3735 -3715 -3703 -3691 -3678 -3663 -3633 -3634 -3644 -3612 -3583 -3535 -3495 -3471 -3440 -3384 -3348 -3264 -3227 -3179 -3125 -3086 -3077 -3107 -3107 -3087 -3032 -2947 -2871 -2818 -2777 -2767 -2723 -2738 -2713 -2700 -2699 -2680 -2674 -2679 -2677 -2690 -2684 -2649 -2611 -2594 -2573 -2557 -2556 -2564 -2563 -2511
-3820 -3819 -3815 -3811 -3809 -3807 -3806 -3804 -3802 -3800 -3798 -3798 -3798 -3797 -3797 -3799 -3793 -3785 -3781 -3779 -3778 -3790 -3791 -3791 -3780 -3761 -3755 -3753 -3746 -3734 -3722 -3713 -3703 -3686 -3646 -3646 -3647 -3638 -3627 -3602 -3561 -3524 -3507 -3483 -3430 -3372 -3293 -3247 -3193 -3144 -3109 -3119 -3138 -3143 -3126 -3072 -2994 -2917 -2852 -2814 -2808 -2837 -2956 -2922 -2830 -2820 -2806 -2797 -2788 -2783 -2770 -2726 -2689 -2700 -2702 -2675 -2627 -2602 -2599 -2584 -2533
-3821 -3818 -3815 -3814 -3808 -3808 -3806 -3804 -3801 -3797 -3800 -3801 -3802 -3799 -3798 -3798 -3792 -3789 -3787 -3785 -3784 -3780 -3783 -3778 -3764 -3761 -3744 -3758 -3739 -3747 -3735 -3725 -3711 -3663 -3661 -3657 -3658 -3651 -3642 -3619 -3588 -3552 -3532 -3516 -3465 -3406 -3332 -3270 -3227 -3172 -3147 -3168 -3179 -3193 -3181 -3138 -3071 -2984 -2915 -2901 -2924 -2950 -2990 -3005 -3057 -2961 -2955 -2937 -2917 -2896 -2853 -2825 -2799 -2783 -2772 -2730 -2654 -2620 -2601 -2568 -2517
-3821 -3820 -3818 -3814 -3812 -3809 -3806 -3803 -3805 -3803 -3803 -3803 -3804 -3802 -3797 -3795 -3793 -3791 -3787 -3783 -3778 -3776 -3776 -3770 -3764 -3759 -3759 -3763 -3764 -3758 -3744 -3731 -3724 -3677 -3675 -3668 -3665 -3664 -3656 -3644 -3612 -3573 -3546 -3543 -3498 -3441 -3372 -3305 -3263 -3212 -3200 -3229 -3235 -3253 -3247 -3199 -3134 -3063 -3050 -3088 -3116 -3115 -3116 -3124 -3130 -3097 -3048 -3013 -2981 -2947 -2906 -2876 -2819 -2781 -2769 -2733 -2662 -2606 -2570 -2511 -2451
