geography/gebco_morrobay_2023_n36.2_s35.2_w-122.3_e-121.3.asc
ncols        240
nrows        240
xllcorner    -122.300000000000
yllcorner    35.200000000000
cellsize     0.004166666667
NODATA_value -32767
[rows 72 to 107 of 240, columns 81 to 161 of 240]
-1372 -1356 -1339 -1325 -1311 -1299 -1288 -1276 -1265 -1253 -1242 -1233 -1226 -1217 -1207 -1202 -1201 -1175 -1169 -1165 -1145 -1138 -1130 -1123 -1113 -1100 -1097 -1092 -1086 -1080 -1074 -1070 -1067 -1061 -1057 -1065 -1021 -1016 -1011 -1005 -999 -993 -987 -981 -975 -970 -964 -957 -951 -944 -937 -931 -923 -917 -910 -904 -898 -890 -882 -875 -866 -857 -848 -838 -830 -822 -812 -802 -789 -777 -766 -755 -744 -732 -722 -712 -701 -690 -677 -665 -653
-1405 -1386 -1365 -1342 -1323 -1309 -1296 -1284 -1272 -1263 -1253 -1245 -1235 -1223 -1214 -1208 -1199 -1182 -1173 -1165 -1160 -1142 -1131 -1125 -1113 -1105 -1098 -1092 -1085 -1079 -1074 -1069 -1064 -1059 -1053 -1052 -1023 -1016 -1010 -1003 -998 -992 -985 -979 -973 -967 -962 -955 -948 -941 -934 -928 -921 -914 -907 -901 -895 -888 -880 -872 -863 -855 -846 -837 -829 -821 -812 -802 -791 -780 -770 -760 -749 -739 -729 -719 -708 -698 -686 -673 -661
-1424 -1412 -1397 -1367 -1337 -1318 -1306 -1292 -1285 -1283 -1275 -1261 -1247 -1233 -1220 -1210 -1201 -1195 -1176 -1165 -1164 -1156 -1130 -1124 -1116 -1109 -1099 -1091 -1085 -1079 -1074 -1068 -1063 -1057 -1057 -1053 -1026 -1015 -1008 -1002 -996 -990 -984 -977 -971 -964 -959 -952 -945 -938 -931 -925 -918 -911 -904 -898 -892 -884 -877 -868 -860 -852 -843 -835 -827 -819 -810 -802 -793 -782 -772 -762 -753 -743 -733 -724 -714 -704 -694 -682 -669
-1438 -1431 -1421 -1401 -1366 -1338 -1330 -1312 -1301 -1290 -1282 -1270 -1256 -1243 -1229 -1214 -1203 -1192 -1183 -1172 -1162 -1156 -1133 -1126 -1119 -1109 -1100 -1091 -1086 -1079 -1074 -1067 -1060 -1057 -1053 -1049 -1048 -1018 -1008 -1002 -996 -989 -983 -976 -969 -963 -957 -950 -944 -936 -929 -923 -916 -908 -901 -895 -889 -882 -875 -866 -858 -850 -842 -834 -826 -818 -809 -801 -793 -783 -773 -763 -754 -745 -737 -728 -718 -709 -699 -687 -674
-1444 -1433 -1429 -1410 -1379 -1356 -1350 -1326 -1305 -1293 -1282 -1272 -1260 -1245 -1230 -1216 -1204 -1194 -1184 -1172 -1163 -1154 -1149 -1127 -1117 -1109 -1099 -1091 -1084 -1079 -1074 -1066 -1061 -1056 -1053 -1048 -1044 -1042 -1008 -1001 -995 -989 -982 -975 -968 -962 -956 -949 -942 -935 -928 -921 -914 -907 -899 -893 -887 -880 -873 -865 -857 -849 -841 -833 -825 -818 -809 -801 -793 -784 -774 -765 -755 -747 -739 -730 -720 -710 -699 -688 -675
-1407 -1410 -1415 -1422 -1385 -1354 -1336 -1315 -1297 -1282 -1268 -1256 -1243 -1232 -1221 -1211 -1203 -1192 -1184 -1173 -1162 -1155 -1147 -1140 -1118 -1110 -1101 -1094 -1078 -1078 -1072 -1066 -1061 -1056 -1049 -1046 -1042 -1039 -1009 -1002 -995 -988 -982 -974 -967 -961 -955 -947 -940 -933 -926 -919 -912 -905 -897 -891 -885 -877 -870 -863 -854 -846 -839 -831 -824 -817 -808 -800 -792 -784 -775 -765 -756 -747 -739 -731 -721 -711 -701 -691 -680
-1387 -1406 -1401 -1415 -1389 -1351 -1325 -1306 -1291 -1277 -1264 -1252 -1239 -1229 -1219 -1208 -1200 -1189 -1181 -1174 -1166 -1155 -1147 -1141 -1119 -1115 -1101 -1093 -1084 -1077 -1071 -1066 -1062 -1054 -1049 -1044 -1041 -1035 -1012 -1002 -995 -988 -982 -975 -967 -960 -954 -947 -940 -933 -925 -918 -910 -903 -896 -889 -883 -875 -868 -861 -853 -845 -837 -829 -823 -816 -807 -799 -791 -783 -775 -766 -756 -748 -740 -732 -723 -713 -703 -693 -683
-1370 -1390 -1401 -1400 -1404 -1364 -1326 -1304 -1288 -1274 -1261 -1249 -1238 -1228 -1217 -1206 -1197 -1189 -1179 -1171 -1166 -1158 -1148 -1138 -1130 -1119 -1101 -1095 -1085 -1078 -1072 -1066 -1060 -1054 -1049 -1044 -1040 -1036 -1032 -1007 -996 -989 -982 -975 -967 -960 -954 -946 -939 -932 -925 -917 -909 -902 -895 -888 -881 -874 -866 -859 -852 -844 -836 -828 -821 -815 -807 -799 -791 -783 -774 -766 -757 -749 -741 -733 -724 -715 -706 -696 -686
-1355 -1375 -1393 -1395 -1397 -1396 -1337 -1305 -1287 -1273 -1259 -1246 -1235 -1224 -1213 -1203 -1193 -1184 -1176 -1169 -1163 -1157 -1147 -1139 -1129 -1103 -1101 -1095 -1085 -1077 -1070 -1064 -1059 -1054 -1048 -1045 -1041 -1038 -1034 -1035 -997 -990 -983 -975 -969 -962 -955 -947 -939 -931 -924 -917 -909 -901 -894 -887 -880 -872 -865 -857 -850 -843 -834 -827 -820 -814 -806 -798 -789 -781 -773 -765 -757 -749 -741 -734 -726 -717 -708 -698 -687
-1342 -1362 -1381 -1389 -1390 -1392 -1361 -1315 -1288 -1271 -1258 -1245 -1233 -1222 -1211 -1200 -1191 -1182 -1174 -1167 -1160 -1153 -1147 -1134 -1126 -1107 -1105 -1096 -1087 -1079 -1071 -1065 -1059 -1055 -1049 -1045 -1040 -1036 -1030 -1028 -1002 -991 -984 -977 -970 -963 -956 -948 -940 -932 -925 -917 -909 -901 -894 -887 -880 -872 -864 -857 -849 -842 -834 -826 -819 -813 -805 -797 -789 -781 -773 -765 -757 -749 -742 -735 -727 -717 -708 -698 -687
-1330 -1347 -1363 -1372 -1370 -1370 -1385 -1333 -1294 -1271 -1256 -1243 -1231 -1220 -1209 -1198 -1188 -1179 -1171 -1165 -1158 -1152 -1145 -1136 -1125 -1119 -1101 -1096 -1089 -1080 -1072 -1066 -1060 -1055 -1050 -1045 -1040 -1035 -1030 -1028 -1025 -997 -986 -978 -971 -965 -958 -950 -941 -934 -926 -918 -911 -903 -895 -888 -881 -873 -865 -857 -850 -842 -833 -825 -818 -812 -804 -796 -788 -781 -773 -766 -758 -750 -743 -735 -726 -716 -707 -697 -688
-1318 -1331 -1342 -1346 -1348 -1349 -1364 -1339 -1303 -1275 -1256 -1241 -1229 -1218 -1207 -1196 -1186 -1177 -1169 -1162 -1156 -1150 -1145 -1139 -1128 -1118 -1112 -1098 -1089 -1082 -1074 -1067 -1061 -1055 -1052 -1046 -1040 -1035 -1033 -1027 -1023 -1028 -994 -981 -974 -967 -961 -953 -944 -937 -929 -921 -913 -905 -896 -889 -882 -874 -866 -858 -849 -841 -833 -826 -819 -812 -804 -797 -789 -782 -774 -767 -758 -749 -741 -734 -725 -716 -707 -698 -690
-1309 -1320 -1327 -1329 -1330 -1337 -1335 -1342 -1311 -1282 -1259 -1242 -1228 -1216 -1205 -1194 -1184 -1175 -1167 -1159 -1154 -1148 -1143 -1138 -1133 -1120 -1111 -1107 -1089 -1081 -1075 -1068 -1062 -1055 -1051 -1047 -1043 -1037 -1032 -1028 -1024 -1023 -1034 -983 -976 -969 -963 -955 -947 -939 -931 -923 -915 -907 -899 -891 -884 -876 -867 -859 -851 -843 -835 -828 -821 -814 -806 -799 -791 -783 -775 -766 -758 -749 -741 -734 -726 -717 -709 -701 -694
-1299 -1308 -1313 -1313 -1313 -1324 -1336 -1338 -1328 -1295 -1266 -1245 -1230 -1216 -1204 -1194 -1183 -1174 -1166 -1158 -1153 -1148 -1143 -1138 -1131 -1121 -1111 -1105 -1100 -1086 -1077 -1072 -1064 -1057 -1052 -1047 -1043 -1037 -1032 -1028 -1025 -1020 -1018 -989 -979 -972 -966 -959 -951 -942 -934 -926 -918 -910 -902 -894 -887 -878 -870 -862 -853 -845 -837 -829 -822 -815 -807 -799 -791 -782 -774 -765 -757 -749 -742 -736 -728 -721 -713 -706 -698
-1284 -1291 -1295 -1295 -1294 -1299 -1315 -1315 -1336 -1312 -1281 -1255 -1235 -1219 -1205 -1194 -1183 -1174 -1165 -1158 -1152 -1148 -1142 -1136 -1131 -1126 -1114 -1108 -1100 -1095 -1078 -1071 -1064 -1059 -1053 -1048 -1044 -1038 -1034 -1029 -1024 -1021 -1017 -1016 -982 -976 -970 -962 -954 -946 -938 -929 -921 -913 -904 -897 -889 -881 -872 -863 -855 -846 -839 -831 -824 -816 -808 -799 -791 -783 -775 -767 -759 -752 -745 -739 -732 -725 -718 -712 -701
-1271 -1276 -1281 -1281 -1279 -1278 -1285 -1304 -1309 -1323 -1303 -1279 -1256 -1231 -1212 -1197 -1184 -1175 -1166 -1160 -1153 -1149 -1143 -1135 -1130 -1125 -1119 -1116 -1098 -1089 -1083 -1076 -1068 -1061 -1055 -1051 -1046 -1040 -1035 -1030 -1026 -1022 -1020 -1016 -986 -979 -973 -965 -957 -949 -940 -932 -924 -916 -907 -899 -892 -883 -874 -866 -857 -849 -840 -832 -824 -817 -808 -800 -792 -784 -777 -769 -762 -756 -749 -743 -735 -728 -721 -719 -705
-1257 -1261 -1266 -1268 -1267 -1264 -1264 -1271 -1291 -1289 -1310 -1319 -1302 -1269 -1232 -1206 -1189 -1178 -1168 -1162 -1155 -1150 -1142 -1136 -1131 -1124 -1117 -1113 -1098 -1091 -1105 -1075 -1069 -1064 -1056 -1051 -1046 -1042 -1038 -1032 -1027 -1024 -1020 -1017 -991 -982 -976 -968 -960 -952 -944 -935 -927 -918 -910 -902 -895 -886 -877 -868 -860 -851 -842 -834 -826 -819 -811 -803 -795 -787 -780 -772 -765 -768 -753 -746 -739 -737 -722 -713 -692
-1242 -1245 -1250 -1254 -1256 -1254 -1252 -1251 -1254 -1265 -1269 -1282 -1298 -1298 -1272 -1231 -1205 -1186 -1174 -1166 -1158 -1152 -1144 -1137 -1131 -1124 -1118 -1111 -1107 -1096 -1089 -1073 -1071 -1065 -1050 -1053 -1048 -1044 -1039 -1035 -1029 -1025 -1022 -1019 -1015 -989 -979 -972 -964 -956 -948 -939 -930 -921 -913 -906 -899 -890 -881 -872 -863 -854 -845 -837 -830 -822 -814 -805 -798 -791 -784 -777 -772 -767 -763 -753 -739 -732 -723 -718 -707
-1232 -1228 -1233 -1240 -1244 -1245 -1243 -1242 -1243 -1248 -1254 -1256 -1264 -1277 -1279 -1256 -1226 -1199 -1180 -1170 -1160 -1153 -1146 -1139 -1132 -1126 -1119 -1113 -1108 -1096 -1088 -1073 -1071 -1067 -1062 -1056 -1051 -1046 -1041 -1036 -1032 -1028 -1022 -1019 -1015 -1014 -985 -974 -966 -959 -951 -943 -934 -925 -916 -909 -902 -893 -883 -874 -865 -856 -847 -839 -832 -825 -817 -809 -802 -796 -789 -782 -775 -768 -761 -755 -739 -733 -724 -716 -707
-1256 -1209 -1210 -1218 -1223 -1224 -1225 -1226 -1228 -1233 -1240 -1239 -1244 -1252 -1263 -1264 -1233 -1216 -1189 -1175 -1164 -1157 -1150 -1142 -1135 -1128 -1121 -1114 -1108 -1101 -1092 -1089 -1073 -1068 -1062 -1057 -1052 -1047 -1042 -1039 -1034 -1029 -1024 -1021 -1017 -1013 -1011 -976 -969 -962 -954 -947 -938 -928 -920 -912 -904 -895 -886 -877 -868 -859 -851 -843 -836 -829 -822 -813 -808 -800 -793 -785 -777 -769 -762 -755 -749 -741 -726 -721 -710
-1209 -1215 -1182 -1189 -1192 -1190 -1190 -1196 -1203 -1208 -1214 -1224 -1228 -1233 -1243 -1253 -1242 -1226 -1197 -1179 -1166 -1158 -1151 -1143 -1136 -1128 -1121 -1114 -1107 -1101 -1097 -1093 -1083 -1069 -1062 -1057 -1053 -1048 -1043 -1040 -1036 -1031 -1025 -1021 -1018 -1013 -1011 -984 -972 -964 -957 -950 -941 -931 -922 -915 -907 -899 -890 -881 -872 -864 -856 -848 -841 -835 -826 -815 -811 -804 -796 -788 -780 -772 -763 -756 -749 -745 -737 -730 -721
-1181 -1186 -1171 -1173 -1176 -1175 -1172 -1173 -1180 -1189 -1196 -1205 -1216 -1229 -1224 -1234 -1247 -1239 -1208 -1183 -1168 -1161 -1151 -1146 -1138 -1131 -1123 -1115 -1108 -1102 -1097 -1092 -1079 -1079 -1062 -1057 -1053 -1048 -1043 -1039 -1036 -1032 -1025 -1021 -1017 -1014 -1010 -1020 -978 -966 -958 -951 -944 -935 -925 -917 -910 -901 -893 -885 -877 -869 -861 -855 -846 -840 -828 -822 -815 -807 -799 -791 -782 -774 -766 -758 -750 -743 -737 -728 -723
-1149 -1161 -1181 -1162 -1162 -1164 -1162 -1161 -1164 -1172 -1182 -1191 -1201 -1211 -1223 -1213 -1227 -1236 -1234 -1193 -1177 -1164 -1153 -1148 -1141 -1135 -1127 -1118 -1111 -1104 -1098 -1089 -1086 -1073 -1061 -1056 -1054 -1048 -1043 -1038 -1035 -1032 -1026 -1021 -1017 -1013 -1009 -1007 -1008 -967 -960 -952 -946 -938 -928 -919 -912 -903 -895 -888 -881 -874 -868 -865 -853 -841 -835 -827 -819 -810 -802 -793 -785 -777 -768 -760 -752 -744 -737 -731 -722
-1119 -1131 -1158 -1170 -1145 -1148 -1152 -1154 -1156 -1161 -1170 -1180 -1188 -1197 -1206 -1203 -1209 -1217 -1224 -1213 -1193 -1169 -1155 -1150 -1144 -1139 -1131 -1122 -1113 -1104 -1098 -1090 -1084 -1075 -1070 -1058 -1052 -1047 -1042 -1038 -1034 -1031 -1026 -1021 -1015 -1012 -1008 -1005 -1006 -972 -961 -954 -947 -940 -931 -922 -915 -906 -898 -890 -884 -878 -872 -865 -857 -848 -839 -830 -822 -814 -805 -796 -788 -779 -771 -763 -754 -746 -738 -731 -723
-1095 -1094 -1113 -1148 -1133 -1135 -1143 -1149 -1152 -1155 -1162 -1171 -1177 -1186 -1197 -1205 -1202 -1206 -1200 -1184 -1179 -1167 -1156 -1150 -1145 -1140 -1132 -1124 -1117 -1108 -1100 -1090 -1083 -1079 -1068 -1062 -1051 -1048 -1043 -1037 -1033 -1028 -1025 -1021 -1015 -1011 -1006 -1004 -1000 -998 -962 -955 -948 -941 -934 -926 -918 -908 -900 -892 -890 -883 -876 -868 -859 -851 -842 -834 -825 -817 -808 -800 -791 -782 -774 -765 -757 -748 -740 -732 -725
-1078 -1068 -1075 -1112 -1138 -1122 -1135 -1147 -1154 -1154 -1156 -1160 -1164 -1168 -1178 -1191 -1198 -1192 -1194 -1179 -1166 -1160 -1151 -1144 -1139 -1133 -1128 -1122 -1115 -1107 -1103 -1096 -1088 -1079 -1073 -1062 -1053 -1047 -1042 -1037 -1032 -1027 -1024 -1021 -1015 -1010 -1005 -1001 -997 -994 -967 -956 -949 -942 -936 -929 -920 -911 -903 -895 -894 -887 -879 -871 -863 -854 -845 -837 -828 -820 -811 -803 -794 -785 -777 -768 -759 -751 -742 -733 -726
-1075 -1068 -1060 -1098 -1130 -1115 -1131 -1149 -1157 -1157 -1155 -1152 -1146 -1142 -1147 -1169 -1188 -1186 -1181 -1177 -1162 -1155 -1147 -1141 -1136 -1130 -1123 -1116 -1109 -1102 -1099 -1096 -1091 -1083 -1074 -1070 -1063 -1047 -1041 -1037 -1031 -1026 -1023 -1019 -1014 -1009 -1005 -1000 -998 -994 -991 -957 -950 -943 -937 -931 -924 -914 -912 -905 -898 -890 -882 -874 -865 -857 -848 -840 -831 -823 -814 -806 -797 -789 -780 -771 -762 -753 -744 -736 -728
-1071 -1069 -1064 -1089 -1110 -1118 -1131 -1164 -1167 -1159 -1159 -1157 -1147 -1134 -1133 -1155 -1181 -1175 -1162 -1169 -1158 -1150 -1142 -1135 -1129 -1124 -1120 -1114 -1105 -1098 -1093 -1088 -1085 -1084 -1077 -1069 -1064 -1058 -1045 -1035 -1029 -1024 -1022 -1017 -1013 -1008 -1003 -999 -996 -992 -991 -962 -951 -948 -946 -941 -937 -918 -915 -908 -901 -893 -884 -876 -868 -859 -851 -842 -834 -826 -817 -809 -801 -792 -784 -775 -766 -757 -748 -739 -732
-1073 -1073 -1068 -1081 -1098 -1113 -1150 -1171 -1221 -1159 -1159 -1163 -1158 -1148 -1144 -1155 -1171 -1168 -1160 -1163 -1160 -1153 -1141 -1132 -1125 -1120 -1114 -1108 -1102 -1096 -1089 -1083 -1075 -1074 -1072 -1068 -1063 -1051 -1050 -1035 -1031 -1026 -1020 -1015 -1012 -1008 -1003 -998 -994 -991 -989 -987 -956 -947 -945 -941 -935 -926 -918 -911 -903 -895 -887 -879 -870 -862 -854 -845 -837 -828 -820 -812 -804 -796 -788 -780 -772 -763 -755 -747 -739
-1077 -1080 -1080 -1083 -1097 -1119 -1150 -1174 -1188 -1155 -1155 -1159 -1163 -1163 -1161 -1164 -1165 -1159 -1149 -1142 -1148 -1144 -1139 -1131 -1122 -1115 -1108 -1101 -1096 -1090 -1082 -1076 -1073 -1069 -1062 -1059 -1058 -1051 -1041 -1034 -1031 -1026 -1020 -1015 -1011 -1007 -1002 -998 -993 -989 -987 -985 -979 -947 -941 -941 -935 -928 -920 -913 -905 -897 -889 -881 -873 -865 -857 -848 -839 -831 -823 -815 -807 -800 -792 -786 -780 -773 -765 -758 -749
-1083 -1090 -1094 -1095 -1104 -1129 -1155 -1177 -1195 -1150 -1150 -1154 -1157 -1159 -1161 -1162 -1158 -1153 -1148 -1140 -1146 -1139 -1131 -1125 -1121 -1113 -1104 -1097 -1090 -1084 -1079 -1072 -1066 -1062 -1061 -1057 -1053 -1050 -1046 -1034 -1029 -1024 -1018 -1013 -1008 -1005 -1001 -996 -991 -988 -985 -982 -958 -955 -950 -943 -936 -929 -922 -915 -908 -900 -892 -884 -876 -868 -859 -851 -842 -833 -825 -817 -809 -801 -793 -786 -780 -771 -762 -752 -742
-1088 -1100 -1107 -1107 -1115 -1138 -1155 -1167 -1182 -1149 -1145 -1147 -1150 -1151 -1153 -1153 -1151 -1148 -1142 -1137 -1132 -1135 -1130 -1121 -1115 -1108 -1100 -1092 -1086 -1080 -1074 -1068 -1064 -1058 -1053 -1050 -1047 -1044 -1041 -1040 -1028 -1023 -1016 -1011 -1006 -1002 -999 -996 -990 -987 -983 -966 -962 -956 -949 -943 -937 -930 -923 -916 -909 -901 -893 -885 -877 -869 -860 -852 -843 -834 -826 -817 -809 -800 -792 -783 -774 -765 -757 -748 -739
-1093 -1106 -1118 -1126 -1134 -1146 -1158 -1169 -1176 -1178 -1146 -1143 -1145 -1147 -1149 -1147 -1145 -1142 -1139 -1134 -1128 -1130 -1122 -1119 -1113 -1105 -1097 -1089 -1082 -1076 -1070 -1065 -1059 -1056 -1049 -1046 -1044 -1041 -1038 -1037 -1024 -1020 -1015 -1010 -1004 -999 -996 -992 -989 -983 -970 -967 -961 -955 -948 -941 -936 -930 -923 -916 -909 -902 -895 -887 -879 -871 -862 -854 -846 -837 -828 -819 -811 -802 -794 -785 -776 -767 -758 -750 -741
-1100 -1109 -1122 -1134 -1141 -1145 -1159 -1162 -1163 -1171 -1177 -1143 -1140 -1141 -1141 -1141 -1140 -1137 -1134 -1129 -1123 -1116 -1109 -1113 -1109 -1102 -1092 -1085 -1080 -1072 -1066 -1062 -1057 -1052 -1047 -1043 -1040 -1037 -1033 -1031 -1029 -1026 -1014 -1009 -1003 -997 -993 -988 -986 -974 -971 -966 -960 -954 -948 -941 -936 -930 -923 -917 -910 -903 -896 -888 -880 -873 -865 -856 -848 -839 -831 -822 -813 -805 -796 -787 -778 -770 -761 -752 -744
-1107 -1114 -1125 -1136 -1142 -1145 -1149 -1151 -1151 -1154 -1159 -1174 -1139 -1142 -1137 -1137 -1136 -1134 -1129 -1124 -1117 -1110 -1104 -1107 -1104 -1098 -1090 -1083 -1076 -1070 -1063 -1060 -1054 -1050 -1044 -1040 -1036 -1033 -1030 -1027 -1024 -1021 -1014 -1007 -1001 -996 -991 -979 -977 -974 -970 -965 -959 -953 -948 -942 -935 -929 -923 -917 -910 -904 -896 -889 -881 -874 -866 -858 -850 -841 -833 -824 -816 -807 -798 -790 -781 -772 -763 -755 -746
-1112 -1118 -1127 -1135 -1139 -1142 -1136 -1142 -1144 -1144 -1154 -1169 -1164 -1180 -1145 -1133 -1133 -1130 -1124 -1118 -1112 -1106 -1100 -1094 -1100 -1096 -1089 -1080 -1072 -1066 -1062 -1059 -1051 -1047 -1042 -1037 -1034 -1030 -1027 -1022 -1019 -1017 -1018 -1006 -999 -993 -988 -981 -978 -974 -969 -963 -958 -952 -946 -940 -935 -928 -922 -916 -910 -904 -896 -889 -882 -874 -867 -859 -851 -843 -835 -826 -818 -809 -800 -792 -783 -774 -765 -757 -748
