geography/gebco_gulfofmaine_2024_n44.1458_s41.4761_w-70.9497_e-66.2146.asc
ncols        1136
nrows        641
xllcorner    -70.950000000000
yllcorner    41.475000000000
cellsize     0.004166666667
NODATA_value -32767
[rows 152 to 189 of 641, columns 261 to 347 of 1136]
-106 -106 -107 -107 -106 -105 -104 -104 -105 -105 -111 -122 -128 -127 -122 -120 -121 -122 -121 -121 -123 -124 -124 -123 -121 -117 -116 -115 -109 -101 -94 -101 -110 -113 -119 -124 -127 -128 -125 -123 -121 -118 -113 -110 -108 -107 -106 -106 -101 -102 -120 -133 -136 -137 -131 -131 -133 -133 -133 -133 -136 -139 -140 -142 -146 -150 -153 -154 -155 -149 -136 -124 -120 -119 -119 -120 -123 -127 -128 -129 -129 -129 -130 -130 -131 -132 -131
-110 -107 -105 -103 -102 -102 -104 -105 -105 -106 -114 -127 -131 -133 -126 -123 -122 -122 -122 -122 -124 -126 -126 -125 -124 -122 -119 -116 -109 -102 -101 -106 -113 -116 -122 -127 -128 -128 -125 -121 -118 -116 -115 -112 -109 -109 -109 -103 -99 -104 -116 -128 -135 -135 -132 -129 -128 -127 -125 -126 -132 -137 -139 -142 -146 -150 -152 -153 -148 -142 -134 -125 -123 -123 -126 -128 -129 -129 -130 -132 -131 -128 -129 -129 -127 -126 -125
-112 -109 -106 -103 -102 -103 -106 -109 -109 -109 -118 -130 -130 -128 -126 -124 -124 -123 -123 -125 -126 -127 -128 -129 -129 -128 -124 -119 -112 -108 -110 -110 -113 -121 -127 -131 -130 -130 -128 -122 -118 -118 -118 -113 -109 -110 -110 -104 -96 -102 -111 -120 -127 -127 -125 -121 -118 -118 -118 -123 -131 -136 -138 -142 -145 -150 -153 -153 -146 -137 -132 -130 -131 -132 -135 -137 -138 -138 -138 -139 -140 -137 -137 -134 -132 -128 -127
-113 -113 -111 -109 -107 -108 -112 -113 -115 -116 -121 -130 -128 -125 -125 -125 -126 -126 -124 -125 -125 -125 -127 -130 -130 -129 -126 -119 -117 -114 -114 -113 -117 -126 -130 -131 -131 -132 -129 -123 -122 -121 -118 -113 -113 -114 -114 -105 -95 -98 -108 -113 -114 -115 -114 -110 -110 -111 -114 -119 -131 -136 -137 -141 -145 -148 -149 -148 -143 -136 -133 -136 -139 -141 -144 -144 -144 -145 -145 -145 -145 -145 -144 -142 -139 -137 -138
-115 -113 -112 -112 -111 -113 -117 -117 -117 -119 -125 -131 -126 -121 -123 -125 -126 -126 -125 -125 -123 -122 -125 -127 -127 -127 -128 -127 -124 -120 -118 -117 -120 -127 -132 -133 -131 -128 -124 -121 -121 -120 -115 -112 -115 -116 -109 -96 -91 -94 -102 -106 -106 -107 -109 -110 -111 -114 -116 -116 -126 -133 -138 -141 -145 -146 -142 -138 -134 -131 -135 -141 -143 -145 -147 -147 -148 -149 -150 -150 -150 -150 -149 -148 -144 -143 -144
-118 -115 -113 -114 -114 -114 -117 -118 -117 -117 -125 -131 -124 -121 -123 -127 -130 -130 -128 -126 -122 -120 -123 -124 -122 -125 -128 -127 -124 -120 -119 -119 -121 -124 -131 -136 -131 -124 -120 -117 -115 -114 -111 -110 -115 -116 -99 -90 -89 -91 -99 -103 -103 -104 -107 -114 -119 -121 -124 -124 -129 -134 -138 -141 -145 -139 -133 -130 -130 -132 -138 -145 -148 -149 -150 -149 -150 -152 -152 -152 -152 -152 -152 -151 -146 -145 -146
-120 -116 -116 -117 -117 -115 -115 -117 -119 -120 -128 -129 -122 -123 -125 -129 -133 -132 -128 -126 -122 -119 -121 -122 -124 -129 -131 -130 -127 -120 -117 -119 -122 -122 -130 -134 -129 -123 -121 -117 -114 -112 -108 -105 -107 -106 -98 -92 -91 -93 -102 -107 -107 -107 -108 -120 -126 -127 -129 -129 -131 -135 -139 -139 -139 -134 -127 -129 -132 -137 -140 -144 -150 -154 -152 -149 -150 -152 -152 -152 -154 -155 -156 -154 -150 -148 -150
-121 -120 -120 -121 -120 -118 -117 -119 -126 -131 -134 -129 -122 -126 -127 -129 -132 -131 -127 -127 -124 -121 -123 -125 -128 -132 -135 -137 -132 -124 -121 -124 -127 -129 -128 -126 -124 -122 -121 -119 -116 -109 -105 -104 -102 -101 -97 -94 -93 -96 -107 -113 -114 -114 -114 -123 -130 -130 -131 -131 -132 -135 -140 -139 -137 -135 -132 -134 -139 -142 -142 -148 -155 -156 -154 -150 -150 -150 -151 -153 -156 -158 -160 -160 -157 -155 -154
-122 -123 -123 -123 -123 -122 -122 -124 -133 -140 -138 -129 -125 -128 -128 -131 -134 -133 -130 -129 -126 -124 -125 -127 -128 -130 -137 -143 -138 -132 -130 -130 -132 -131 -125 -121 -120 -119 -118 -118 -116 -108 -103 -102 -101 -98 -95 -94 -94 -100 -112 -117 -119 -123 -125 -129 -133 -133 -133 -133 -135 -138 -142 -142 -141 -140 -140 -141 -144 -146 -146 -156 -163 -160 -156 -152 -150 -149 -150 -152 -157 -161 -166 -166 -164 -161 -159
-122 -123 -124 -124 -125 -125 -127 -129 -138 -146 -141 -131 -127 -128 -128 -131 -135 -134 -133 -132 -130 -128 -127 -127 -128 -130 -138 -143 -140 -136 -133 -132 -132 -129 -124 -121 -119 -116 -115 -114 -112 -107 -103 -102 -99 -98 -96 -94 -93 -101 -115 -121 -124 -129 -133 -136 -137 -136 -135 -136 -138 -140 -145 -145 -146 -146 -146 -147 -149 -149 -153 -161 -166 -163 -157 -153 -150 -150 -149 -150 -155 -163 -168 -168 -168 -166 -164
-123 -125 -124 -126 -126 -127 -129 -134 -145 -153 -145 -131 -126 -127 -130 -134 -135 -135 -136 -136 -133 -131 -132 -132 -133 -133 -138 -139 -136 -131 -129 -129 -128 -126 -124 -123 -120 -115 -113 -111 -109 -108 -106 -103 -100 -99 -97 -93 -93 -101 -116 -123 -127 -132 -135 -138 -139 -137 -136 -136 -138 -140 -142 -145 -148 -149 -150 -151 -152 -152 -156 -162 -164 -162 -156 -153 -151 -149 -149 -149 -154 -161 -166 -167 -169 -168 -168
-125 -125 -126 -127 -128 -129 -131 -138 -147 -153 -136 -122 -121 -127 -132 -137 -137 -136 -138 -139 -136 -133 -134 -136 -135 -133 -134 -135 -132 -127 -126 -125 -124 -122 -124 -125 -123 -116 -113 -110 -108 -107 -106 -105 -102 -101 -98 -93 -94 -105 -119 -126 -130 -134 -137 -138 -138 -136 -136 -139 -141 -143 -143 -146 -149 -152 -154 -155 -156 -155 -158 -161 -163 -162 -156 -154 -152 -151 -150 -150 -154 -158 -162 -164 -166 -167 -167
-127 -127 -128 -130 -131 -132 -134 -139 -142 -146 -131 -115 -118 -127 -135 -138 -138 -139 -141 -141 -139 -137 -137 -137 -134 -131 -130 -132 -132 -127 -125 -124 -122 -123 -126 -128 -125 -119 -114 -109 -106 -105 -104 -104 -101 -100 -97 -93 -96 -110 -125 -130 -133 -137 -140 -140 -139 -138 -138 -142 -146 -147 -148 -149 -151 -156 -159 -158 -158 -159 -161 -161 -161 -160 -156 -156 -156 -155 -154 -154 -155 -156 -156 -159 -163 -165 -166
-126 -127 -130 -132 -133 -137 -140 -140 -140 -142 -131 -123 -124 -129 -136 -140 -139 -139 -139 -139 -139 -139 -138 -136 -135 -131 -130 -131 -132 -129 -122 -118 -118 -122 -126 -126 -125 -121 -115 -108 -105 -104 -102 -101 -99 -97 -94 -91 -100 -115 -127 -132 -135 -141 -143 -142 -141 -140 -139 -142 -146 -148 -149 -150 -153 -158 -160 -160 -161 -162 -164 -162 -160 -158 -157 -158 -158 -157 -157 -156 -156 -156 -157 -157 -161 -165 -168
-129 -131 -132 -132 -134 -140 -143 -144 -144 -144 -136 -131 -131 -134 -137 -139 -138 -136 -135 -136 -139 -137 -135 -134 -134 -132 -130 -129 -126 -121 -114 -110 -110 -111 -117 -120 -120 -119 -115 -109 -106 -104 -101 -99 -97 -95 -92 -91 -103 -119 -130 -133 -136 -140 -143 -142 -140 -140 -140 -141 -145 -148 -149 -150 -152 -155 -159 -163 -164 -164 -165 -164 -161 -160 -159 -158 -158 -158 -157 -156 -156 -156 -157 -158 -162 -167 -171
-132 -133 -133 -133 -137 -140 -141 -142 -143 -147 -135 -134 -135 -136 -137 -136 -136 -134 -134 -135 -136 -135 -133 -134 -133 -132 -128 -126 -121 -114 -110 -109 -104 -101 -102 -105 -107 -111 -114 -110 -106 -104 -101 -99 -96 -95 -93 -95 -108 -123 -132 -135 -137 -140 -144 -143 -140 -141 -142 -143 -146 -149 -150 -151 -152 -154 -158 -163 -165 -166 -166 -165 -164 -163 -161 -159 -159 -159 -160 -160 -159 -159 -160 -160 -164 -169 -173
-134 -134 -135 -137 -140 -140 -140 -141 -140 -139 -133 -135 -136 -135 -134 -134 -134 -134 -135 -134 -134 -133 -133 -133 -132 -132 -130 -127 -122 -116 -113 -110 -103 -98 -95 -93 -95 -100 -107 -109 -107 -105 -100 -98 -96 -95 -94 -99 -113 -128 -137 -139 -141 -142 -144 -144 -142 -143 -144 -145 -147 -148 -149 -151 -151 -155 -158 -162 -167 -168 -167 -166 -164 -163 -162 -160 -159 -160 -161 -161 -161 -162 -163 -163 -166 -169 -171
-137 -138 -138 -139 -140 -140 -144 -143 -141 -137 -134 -134 -134 -135 -136 -135 -135 -136 -136 -136 -135 -132 -131 -129 -130 -130 -131 -129 -123 -119 -117 -113 -107 -101 -95 -92 -91 -92 -98 -103 -104 -102 -99 -99 -98 -97 -98 -105 -119 -134 -141 -143 -144 -142 -143 -144 -144 -144 -146 -147 -147 -147 -149 -151 -152 -156 -160 -163 -168 -168 -167 -165 -162 -161 -160 -159 -161 -162 -163 -163 -164 -165 -165 -166 -166 -166 -167
-139 -141 -141 -141 -143 -150 -153 -148 -143 -141 -139 -138 -137 -136 -135 -135 -135 -135 -137 -137 -136 -131 -127 -126 -127 -128 -130 -129 -125 -121 -119 -116 -110 -104 -98 -97 -96 -95 -96 -98 -99 -99 -99 -100 -102 -103 -106 -113 -126 -139 -146 -148 -147 -145 -145 -147 -147 -147 -147 -147 -147 -149 -151 -153 -153 -157 -161 -165 -169 -168 -166 -163 -161 -160 -160 -161 -162 -165 -167 -167 -166 -167 -166 -166 -163 -160 -160
-140 -143 -144 -149 -158 -165 -161 -151 -148 -141 -139 -139 -139 -135 -133 -133 -133 -134 -136 -136 -135 -132 -129 -127 -126 -128 -129 -128 -126 -122 -120 -118 -110 -106 -104 -102 -104 -106 -104 -102 -103 -102 -102 -104 -108 -110 -113 -121 -134 -145 -150 -152 -150 -149 -151 -150 -150 -149 -148 -148 -148 -151 -152 -152 -151 -154 -162 -167 -170 -169 -166 -163 -162 -160 -160 -161 -164 -167 -168 -168 -167 -166 -165 -164 -160 -156 -154
-141 -147 -152 -163 -170 -167 -157 -150 -146 -140 -138 -136 -134 -132 -132 -132 -132 -132 -133 -134 -134 -133 -132 -125 -124 -126 -127 -127 -126 -124 -120 -119 -114 -111 -110 -110 -112 -116 -117 -113 -112 -111 -110 -111 -114 -117 -120 -128 -142 -151 -151 -152 -151 -152 -155 -154 -153 -152 -151 -150 -147 -147 -149 -150 -150 -157 -163 -167 -169 -169 -166 -163 -162 -161 -161 -162 -164 -165 -165 -167 -167 -164 -164 -163 -162 -158 -155
-146 -151 -161 -168 -166 -158 -148 -144 -141 -138 -136 -133 -132 -129 -127 -127 -130 -132 -132 -132 -132 -132 -131 -127 -124 -124 -124 -126 -126 -126 -124 -121 -118 -116 -119 -122 -123 -125 -127 -124 -121 -121 -120 -120 -119 -127 -132 -138 -150 -155 -152 -151 -150 -153 -155 -157 -157 -156 -155 -152 -145 -141 -142 -146 -153 -160 -165 -166 -168 -168 -166 -164 -162 -163 -164 -164 -164 -164 -164 -167 -168 -167 -166 -167 -166 -161 -158
-151 -154 -161 -165 -159 -149 -144 -142 -141 -138 -136 -132 -131 -128 -125 -125 -127 -132 -132 -131 -131 -130 -129 -128 -127 -126 -128 -129 -128 -127 -127 -125 -120 -117 -125 -133 -132 -130 -130 -129 -128 -128 -128 -128 -132 -137 -141 -148 -157 -157 -153 -150 -150 -152 -154 -157 -160 -159 -158 -155 -148 -143 -142 -146 -156 -163 -164 -166 -168 -167 -166 -165 -164 -165 -165 -165 -165 -165 -166 -168 -169 -170 -170 -171 -170 -165 -163
-152 -154 -160 -162 -155 -147 -145 -143 -140 -138 -136 -132 -129 -127 -126 -125 -123 -126 -129 -130 -131 -130 -129 -128 -128 -130 -131 -132 -130 -129 -128 -128 -123 -117 -131 -137 -135 -133 -132 -132 -131 -131 -131 -133 -139 -143 -145 -153 -160 -158 -153 -151 -150 -152 -154 -158 -160 -159 -158 -155 -152 -152 -149 -151 -158 -164 -166 -167 -168 -167 -166 -165 -165 -166 -166 -165 -165 -166 -167 -168 -168 -170 -173 -172 -169 -166 -167
-152 -155 -158 -157 -152 -148 -146 -143 -138 -135 -133 -130 -129 -126 -123 -122 -122 -122 -127 -132 -135 -133 -130 -130 -131 -132 -133 -132 -131 -131 -130 -130 -130 -130 -138 -139 -138 -135 -134 -133 -132 -132 -133 -136 -143 -146 -148 -156 -161 -159 -155 -153 -153 -153 -155 -158 -160 -159 -156 -153 -152 -154 -153 -155 -162 -165 -167 -168 -168 -166 -166 -166 -166 -165 -164 -162 -163 -166 -168 -169 -168 -169 -171 -169 -167 -164 -165
-157 -162 -158 -154 -152 -150 -147 -142 -135 -133 -131 -127 -126 -124 -122 -122 -122 -127 -135 -139 -141 -138 -135 -135 -136 -136 -133 -131 -131 -132 -132 -132 -131 -134 -138 -138 -138 -137 -134 -133 -133 -133 -134 -138 -144 -145 -148 -154 -159 -159 -156 -153 -152 -152 -155 -157 -159 -158 -155 -151 -150 -152 -154 -159 -164 -165 -166 -166 -166 -165 -165 -166 -166 -165 -163 -161 -163 -166 -170 -172 -168 -167 -167 -167 -167 -163 -162
-167 -169 -160 -153 -151 -149 -147 -143 -138 -129 -126 -124 -124 -125 -128 -130 -131 -139 -144 -144 -143 -142 -141 -140 -139 -140 -135 -130 -130 -131 -132 -132 -131 -136 -138 -138 -138 -136 -131 -131 -133 -134 -136 -140 -145 -146 -149 -153 -155 -158 -157 -155 -153 -153 -154 -157 -158 -157 -155 -153 -152 -153 -155 -160 -162 -163 -165 -165 -164 -164 -165 -166 -166 -165 -163 -161 -164 -167 -173 -175 -168 -169 -171 -169 -167 -163 -159
-166 -164 -157 -153 -151 -149 -148 -146 -145 -128 -123 -124 -128 -132 -135 -138 -141 -144 -144 -144 -144 -144 -143 -142 -141 -142 -137 -131 -131 -130 -132 -133 -134 -136 -139 -138 -137 -133 -129 -130 -132 -134 -137 -141 -146 -149 -151 -152 -152 -157 -158 -157 -156 -153 -153 -158 -160 -159 -159 -155 -152 -153 -154 -158 -160 -160 -165 -167 -166 -167 -168 -168 -168 -167 -165 -166 -167 -170 -173 -173 -170 -172 -175 -171 -166 -162 -158
-158 -153 -152 -153 -152 -150 -149 -149 -127 -121 -126 -131 -137 -140 -142 -141 -143 -145 -147 -148 -148 -148 -146 -144 -145 -147 -139 -132 -134 -140 -137 -134 -137 -135 -138 -140 -137 -131 -130 -128 -130 -136 -140 -143 -144 -147 -152 -148 -149 -154 -157 -157 -157 -162 -160 -161 -162 -164 -162 -158 -148 -158 -152 -162 -166 -170 -172 -173 -169 -170 -173 -171 -170 -169 -169 -169 -170 -172 -173 -172 -170 -170 -176 -169 -168 -168 -168
-158 -153 -153 -153 -152 -151 -146 -141 -129 -130 -135 -139 -142 -142 -143 -143 -143 -145 -149 -150 -150 -151 -149 -148 -149 -148 -138 -132 -137 -142 -137 -136 -139 -137 -139 -141 -141 -135 -130 -130 -133 -138 -141 -144 -145 -149 -150 -147 -148 -152 -157 -160 -163 -163 -161 -162 -164 -163 -157 -154 -150 -161 -169 -170 -171 -172 -173 -173 -171 -173 -176 -170 -171 -172 -171 -172 -175 -171 -170 -168 -167 -168 -168 -165 -156 -160 -164
-159 -157 -156 -155 -151 -147 -143 -138 -133 -136 -140 -143 -144 -144 -144 -144 -145 -145 -147 -149 -150 -155 -152 -152 -151 -149 -142 -132 -142 -146 -143 -141 -144 -142 -143 -143 -149 -147 -141 -136 -138 -140 -142 -144 -144 -148 -148 -149 -149 -149 -154 -166 -169 -166 -164 -164 -164 -161 -154 -157 -158 -167 -176 -175 -175 -174 -173 -171 -170 -170 -172 -171 -171 -171 -171 -171 -173 -171 -170 -172 -171 -166 -164 -154 -138 -135 -139
-160 -159 -159 -159 -152 -145 -140 -140 -138 -141 -143 -145 -146 -146 -147 -147 -147 -148 -149 -149 -150 -156 -155 -155 -151 -149 -149 -139 -145 -149 -144 -146 -147 -148 -148 -146 -153 -152 -148 -142 -142 -143 -141 -145 -149 -149 -148 -150 -149 -147 -151 -166 -172 -170 -169 -165 -161 -160 -160 -165 -170 -170 -173 -174 -174 -172 -172 -171 -169 -166 -165 -167 -170 -173 -175 -172 -170 -169 -175 -175 -169 -164 -167 -154 -139 -137 -139
-162 -160 -160 -153 -145 -145 -145 -146 -146 -149 -149 -150 -151 -151 -152 -151 -152 -151 -151 -152 -154 -157 -158 -157 -154 -154 -154 -149 -154 -156 -151 -151 -153 -155 -152 -151 -159 -156 -151 -149 -147 -148 -151 -151 -154 -151 -150 -150 -150 -146 -146 -167 -172 -174 -170 -167 -160 -164 -171 -175 -176 -174 -174 -173 -172 -168 -171 -174 -164 -163 -165 -168 -169 -172 -173 -173 -168 -168 -175 -174 -168 -166 -172 -165 -156 -143 -144
-162 -159 -153 -149 -147 -149 -151 -152 -151 -152 -153 -153 -153 -152 -152 -154 -153 -153 -154 -156 -160 -161 -160 -158 -160 -158 -157 -154 -162 -158 -158 -160 -159 -155 -158 -160 -163 -156 -151 -149 -145 -149 -151 -149 -151 -152 -149 -151 -150 -161 -163 -170 -190 -172 -172 -169 -166 -169 -175 -179 -177 -174 -172 -169 -167 -170 -170 -167 -169 -170 -164 -163 -163 -167 -166 -169 -165 -168 -171 -171 -166 -154 -146 -150 -151 -148 -143
-158 -156 -151 -147 -150 -154 -156 -156 -155 -155 -155 -154 -154 -154 -154 -155 -156 -155 -156 -158 -161 -166 -160 -159 -160 -158 -157 -155 -159 -159 -159 -162 -159 -157 -160 -163 -162 -158 -154 -152 -152 -154 -153 -152 -154 -152 -152 -155 -164 -168 -168 -170 -179 -176 -178 -175 -170 -172 -175 -177 -174 -169 -167 -166 -169 -172 -169 -166 -167 -165 -165 -171 -166 -162 -165 -168 -167 -175 -169 -168 -167 -164 -159 -143 -133 -142 -152
-154 -155 -155 -154 -156 -159 -161 -160 -158 -151 -147 -152 -154 -156 -156 -158 -158 -160 -162 -161 -160 -163 -160 -161 -158 -157 -158 -157 -156 -158 -164 -162 -161 -159 -156 -161 -162 -171 -159 -159 -161 -164 -159 -155 -164 -166 -168 -170 -174 -169 -168 -170 -174 -180 -181 -182 -181 -179 -178 -174 -170 -164 -164 -166 -167 -166 -164 -162 -163 -163 -165 -167 -165 -164 -168 -169 -165 -161 -167 -169 -170 -168 -165 -158 -146 -156 -168
-158 -160 -162 -163 -163 -163 -165 -164 -159 -152 -150 -154 -157 -162 -161 -159 -159 -163 -165 -164 -163 -162 -163 -162 -159 -159 -159 -158 -157 -160 -166 -162 -161 -162 -162 -169 -167 -173 -163 -163 -162 -163 -161 -160 -167 -167 -170 -174 -176 -168 -169 -173 -176 -180 -182 -186 -183 -179 -176 -174 -170 -163 -169 -168 -167 -164 -165 -162 -165 -164 -165 -163 -164 -165 -165 -164 -162 -161 -159 -164 -166 -169 -167 -161 -154 -167 -168
-165 -167 -167 -167 -167 -167 -168 -167 -163 -157 -157 -155 -157 -163 -162 -161 -161 -163 -162 -164 -164 -163 -163 -161 -161 -161 -159 -159 -159 -158 -160 -158 -156 -157 -163 -173 -169 -164 -160 -159 -159 -164 -165 -165 -164 -165 -167 -167 -165 -169 -176 -179 -180 -182 -183 -184 -179 -175 -175 -171 -166 -161 -168 -166 -166 -163 -165 -157 -166 -163 -162 -161 -164 -165 -163 -161 -159 -160 -158 -162 -165 -162 -153 -156 -157 -166 -169
