geography/gebco_gulfofmaine_2024_n44.1458_s41.4761_w-70.9497_e-66.2146.asc
ncols        1136
nrows        641
xllcorner    -70.950000000000
yllcorner    41.475000000000
cellsize     0.004166666667
NODATA_value -32767
[rows 342 to 379 of 641, columns 522 to 608 of 1136]
-174 -176 -180 -185 -188 -190 -191 -192 -193 -193 -193 -193 -193 -192 -192 -191 -191 -190 -189 -187 -185 -184 -184 -184 -184 -184 -184 -184 -184 -183 -183 -183 -182 -182 -179 -177 -177 -178 -180 -182 -181 -180 -180 -180 -179 -180 -181 -182 -181 -181 -181 -182 -182 -182 -182 -181 -181 -179 -177 -177 -177 -177 -176 -175 -173 -171 -169 -169 -171 -172 -173 -175 -176 -176 -176 -176 -176 -176 -175 -175 -175 -174 -173 -174 -175 -176 -177
-172 -174 -177 -182 -186 -188 -189 -190 -191 -192 -192 -192 -191 -191 -190 -190 -190 -189 -188 -186 -184 -183 -183 -182 -182 -182 -183 -183 -183 -182 -182 -181 -181 -180 -178 -177 -179 -180 -182 -184 -182 -182 -182 -181 -180 -179 -178 -178 -177 -177 -177 -180 -183 -184 -183 -182 -179 -176 -174 -176 -179 -182 -182 -182 -182 -181 -181 -182 -182 -182 -181 -182 -183 -182 -180 -180 -181 -182 -181 -180 -180 -177 -174 -172 -172 -173 -174
-171 -172 -176 -179 -183 -185 -185 -186 -187 -188 -189 -190 -188 -188 -188 -188 -188 -188 -187 -185 -183 -182 -182 -180 -180 -181 -182 -182 -182 -182 -180 -178 -177 -177 -177 -178 -180 -181 -182 -183 -183 -185 -185 -185 -183 -181 -178 -176 -175 -175 -175 -177 -180 -182 -181 -179 -177 -177 -178 -180 -184 -188 -190 -190 -190 -190 -191 -191 -190 -190 -189 -189 -190 -189 -188 -187 -187 -187 -187 -186 -186 -183 -179 -176 -174 -175 -176
-169 -171 -175 -178 -180 -181 -182 -183 -184 -184 -184 -185 -185 -186 -187 -187 -187 -187 -186 -184 -183 -182 -181 -179 -178 -178 -180 -181 -181 -180 -178 -176 -176 -176 -177 -178 -179 -179 -180 -181 -183 -186 -188 -188 -187 -185 -182 -178 -176 -175 -174 -174 -175 -175 -176 -176 -179 -184 -186 -186 -189 -191 -194 -195 -196 -196 -195 -194 -194 -194 -193 -192 -193 -193 -190 -189 -188 -189 -190 -189 -190 -189 -186 -184 -182 -181 -180
-168 -170 -173 -175 -178 -178 -179 -180 -181 -182 -182 -182 -183 -184 -185 -186 -185 -185 -184 -184 -182 -181 -180 -178 -177 -177 -179 -180 -181 -180 -178 -177 -177 -177 -178 -179 -179 -180 -181 -181 -182 -186 -188 -188 -188 -188 -186 -181 -179 -178 -175 -174 -173 -175 -179 -181 -186 -189 -189 -189 -190 -192 -194 -195 -196 -197 -197 -196 -196 -195 -193 -191 -192 -192 -190 -188 -187 -187 -189 -191 -191 -192 -190 -189 -188 -187 -184
-167 -169 -171 -173 -175 -176 -176 -177 -178 -179 -179 -180 -180 -182 -183 -183 -183 -183 -183 -183 -181 -180 -180 -177 -175 -175 -178 -180 -181 -181 -179 -178 -178 -179 -180 -181 -182 -183 -185 -185 -184 -185 -187 -188 -188 -190 -189 -185 -184 -182 -178 -174 -176 -182 -184 -187 -190 -191 -191 -192 -193 -195 -191 -189 -188 -193 -195 -193 -195 -194 -192 -190 -190 -191 -191 -189 -187 -188 -189 -190 -191 -192 -191 -190 -191 -190 -188
-166 -166 -169 -170 -172 -173 -174 -175 -176 -177 -177 -178 -178 -180 -181 -182 -182 -182 -182 -182 -181 -181 -180 -177 -172 -173 -177 -179 -180 -181 -180 -180 -180 -181 -183 -184 -186 -187 -188 -189 -188 -187 -187 -188 -189 -190 -190 -189 -189 -188 -185 -182 -185 -188 -188 -191 -192 -193 -193 -194 -195 -193 -190 -185 -181 -185 -189 -190 -194 -194 -194 -192 -193 -194 -193 -192 -190 -189 -187 -189 -191 -192 -191 -190 -190 -191 -191
-163 -163 -166 -169 -171 -172 -173 -174 -175 -175 -175 -175 -176 -178 -179 -180 -180 -180 -181 -182 -182 -182 -181 -177 -172 -172 -176 -178 -179 -181 -182 -182 -182 -183 -185 -187 -189 -190 -192 -193 -192 -191 -189 -190 -190 -190 -191 -192 -192 -192 -192 -192 -192 -192 -192 -193 -193 -193 -194 -194 -193 -191 -191 -189 -188 -191 -191 -192 -195 -195 -194 -194 -197 -197 -196 -193 -190 -189 -188 -189 -191 -192 -190 -188 -188 -188 -190
-161 -162 -165 -168 -170 -171 -171 -172 -173 -174 -174 -174 -175 -175 -176 -177 -177 -177 -178 -179 -180 -181 -180 -177 -173 -172 -174 -177 -178 -181 -184 -185 -185 -186 -187 -189 -191 -193 -193 -194 -195 -194 -193 -193 -192 -191 -192 -193 -194 -194 -193 -194 -194 -195 -194 -193 -193 -193 -193 -194 -193 -190 -192 -195 -199 -202 -198 -195 -194 -194 -193 -193 -194 -195 -196 -194 -192 -192 -192 -192 -193 -193 -190 -186 -186 -190 -193
-159 -161 -165 -168 -169 -169 -170 -170 -171 -172 -173 -173 -173 -174 -174 -174 -174 -174 -174 -176 -178 -178 -177 -174 -172 -171 -174 -176 -178 -181 -184 -186 -187 -188 -189 -190 -192 -193 -193 -194 -194 -194 -194 -195 -195 -193 -193 -194 -195 -194 -193 -194 -195 -195 -195 -194 -194 -193 -193 -193 -195 -194 -197 -201 -202 -200 -196 -194 -194 -193 -192 -191 -191 -192 -193 -193 -194 -195 -196 -196 -196 -195 -191 -190 -191 -195 -200
-155 -159 -164 -167 -168 -169 -169 -170 -171 -171 -171 -171 -171 -171 -171 -170 -169 -169 -169 -171 -172 -172 -171 -170 -170 -172 -176 -178 -179 -183 -185 -188 -189 -190 -191 -192 -192 -193 -193 -194 -194 -194 -194 -195 -196 -196 -196 -196 -196 -195 -194 -195 -196 -196 -196 -195 -195 -196 -196 -195 -198 -201 -204 -207 -205 -198 -194 -195 -194 -193 -192 -191 -190 -191 -191 -192 -194 -196 -197 -197 -197 -195 -192 -191 -191 -193 -198
-154 -158 -162 -165 -166 -167 -168 -168 -169 -169 -169 -169 -168 -168 -168 -166 -164 -163 -163 -164 -165 -166 -167 -168 -170 -174 -180 -182 -183 -185 -188 -190 -191 -191 -192 -193 -193 -193 -193 -194 -194 -195 -195 -195 -195 -196 -197 -197 -197 -197 -196 -197 -198 -198 -196 -195 -197 -200 -201 -201 -200 -202 -205 -206 -204 -199 -196 -196 -195 -192 -190 -189 -189 -190 -190 -191 -194 -195 -196 -197 -196 -196 -194 -192 -191 -192 -195
-158 -159 -161 -163 -165 -166 -166 -166 -167 -167 -167 -167 -166 -165 -165 -163 -161 -161 -161 -163 -165 -166 -168 -171 -174 -179 -183 -185 -186 -188 -190 -191 -191 -191 -192 -192 -192 -193 -194 -195 -195 -195 -196 -196 -196 -197 -197 -198 -198 -198 -198 -197 -197 -198 -196 -195 -198 -201 -202 -204 -202 -199 -201 -202 -201 -199 -197 -195 -192 -189 -188 -188 -189 -189 -189 -190 -192 -195 -197 -197 -197 -198 -198 -198 -197 -196 -195
-160 -161 -162 -163 -164 -165 -165 -166 -166 -167 -166 -166 -165 -164 -163 -162 -162 -163 -165 -168 -170 -171 -172 -175 -178 -181 -185 -187 -188 -190 -191 -191 -191 -191 -191 -192 -193 -193 -194 -195 -195 -196 -196 -196 -197 -197 -198 -199 -199 -199 -199 -199 -199 -199 -199 -199 -200 -201 -201 -204 -202 -199 -201 -200 -199 -198 -196 -194 -189 -187 -188 -188 -189 -191 -192 -192 -194 -195 -197 -198 -198 -199 -199 -200 -200 -199 -197
-163 -163 -163 -164 -164 -165 -165 -166 -167 -167 -167 -167 -166 -165 -165 -166 -166 -168 -170 -173 -174 -175 -176 -178 -180 -183 -186 -188 -189 -191 -191 -191 -191 -191 -192 -193 -193 -194 -194 -195 -195 -196 -196 -197 -197 -198 -198 -199 -200 -200 -200 -201 -201 -201 -201 -202 -202 -203 -203 -205 -203 -201 -201 -201 -200 -197 -196 -193 -191 -190 -190 -190 -192 -194 -194 -195 -197 -197 -198 -198 -199 -199 -200 -200 -201 -200 -199
-165 -165 -165 -165 -165 -166 -166 -167 -167 -168 -168 -169 -169 -169 -169 -170 -172 -173 -175 -177 -178 -178 -179 -180 -183 -186 -188 -189 -190 -191 -192 -192 -192 -192 -193 -194 -195 -195 -195 -195 -195 -196 -196 -196 -197 -197 -198 -200 -200 -200 -201 -202 -203 -203 -203 -203 -204 -205 -206 -207 -204 -201 -201 -201 -199 -196 -194 -193 -192 -193 -193 -194 -195 -196 -196 -197 -199 -200 -200 -200 -200 -200 -200 -201 -201 -201 -200
-169 -168 -168 -168 -168 -168 -168 -169 -169 -170 -171 -171 -171 -172 -173 -174 -175 -176 -178 -180 -181 -181 -182 -183 -186 -188 -189 -190 -190 -191 -191 -193 -193 -193 -194 -195 -196 -196 -196 -196 -196 -197 -197 -197 -197 -197 -198 -199 -199 -200 -201 -202 -203 -203 -202 -202 -204 -205 -205 -205 -203 -200 -200 -199 -199 -197 -195 -194 -195 -195 -196 -197 -197 -199 -199 -199 -200 -200 -201 -202 -202 -202 -202 -201 -201 -201 -201
-172 -171 -171 -171 -171 -171 -171 -171 -172 -173 -173 -173 -174 -175 -176 -177 -178 -179 -180 -182 -184 -184 -185 -186 -189 -190 -190 -190 -191 -191 -193 -194 -194 -194 -195 -195 -196 -196 -196 -197 -197 -197 -198 -198 -198 -198 -198 -199 -199 -200 -200 -201 -202 -202 -202 -203 -204 -205 -204 -204 -203 -202 -201 -201 -202 -202 -200 -198 -197 -197 -198 -198 -199 -200 -200 -200 -199 -200 -201 -202 -202 -202 -202 -201 -201 -200 -201
-173 -173 -173 -173 -173 -173 -172 -173 -174 -175 -175 -175 -176 -177 -178 -179 -180 -182 -183 -185 -187 -188 -189 -190 -191 -191 -191 -191 -192 -193 -194 -195 -195 -195 -195 -195 -196 -197 -197 -197 -197 -198 -198 -198 -198 -199 -199 -200 -200 -200 -201 -201 -202 -202 -203 -203 -205 -205 -204 -204 -204 -203 -203 -203 -204 -204 -203 -201 -200 -200 -201 -201 -201 -200 -200 -200 -200 -200 -201 -202 -202 -202 -202 -201 -201 -201 -201
-174 -174 -175 -175 -176 -175 -175 -176 -176 -177 -177 -177 -178 -180 -181 -183 -184 -185 -186 -188 -190 -191 -191 -192 -192 -192 -192 -193 -194 -194 -195 -195 -195 -195 -195 -195 -196 -196 -197 -198 -198 -198 -199 -199 -199 -199 -199 -200 -200 -201 -202 -202 -203 -203 -203 -204 -205 -206 -206 -206 -205 -204 -204 -204 -204 -204 -204 -203 -203 -204 -204 -203 -203 -203 -202 -202 -202 -202 -202 -202 -202 -202 -202 -202 -202 -201 -200
-174 -175 -176 -177 -178 -178 -178 -178 -179 -180 -180 -181 -181 -183 -184 -185 -185 -186 -187 -188 -189 -190 -190 -192 -192 -192 -193 -194 -194 -195 -195 -196 -195 -195 -195 -196 -196 -196 -197 -198 -198 -198 -199 -199 -200 -200 -200 -201 -201 -201 -202 -203 -203 -203 -204 -204 -205 -206 -206 -206 -206 -206 -205 -205 -205 -206 -206 -206 -206 -206 -205 -205 -205 -206 -206 -205 -205 -205 -204 -204 -204 -204 -203 -202 -202 -202 -201
-175 -175 -177 -178 -178 -179 -180 -179 -180 -181 -182 -183 -183 -184 -185 -186 -186 -186 -186 -186 -188 -188 -189 -190 -192 -192 -193 -193 -193 -194 -195 -195 -196 -196 -196 -197 -197 -197 -197 -198 -198 -198 -198 -199 -199 -200 -200 -201 -201 -202 -202 -203 -204 -204 -204 -205 -205 -206 -206 -206 -207 -207 -207 -207 -207 -207 -207 -207 -207 -207 -207 -207 -207 -208 -208 -208 -208 -206 -205 -205 -205 -203 -202 -202 -203 -203 -203
-174 -175 -176 -177 -179 -180 -181 -181 -180 -182 -183 -183 -183 -184 -185 -186 -185 -185 -185 -186 -186 -187 -188 -190 -191 -192 -192 -192 -193 -194 -195 -195 -196 -196 -196 -196 -196 -197 -197 -198 -199 -199 -199 -199 -199 -200 -201 -202 -202 -202 -203 -203 -204 -204 -204 -205 -205 -206 -206 -206 -206 -207 -208 -208 -208 -208 -207 -207 -208 -208 -208 -208 -208 -208 -208 -208 -208 -205 -204 -205 -205 -205 -205 -204 -204 -204 -204
-174 -174 -176 -177 -178 -180 -181 -181 -181 -182 -183 -183 -184 -185 -187 -186 -184 -184 -184 -185 -185 -186 -187 -189 -191 -192 -192 -193 -193 -194 -195 -195 -195 -196 -196 -196 -196 -196 -197 -197 -199 -200 -200 -200 -200 -200 -201 -202 -203 -203 -203 -204 -204 -204 -204 -205 -206 -206 -206 -206 -206 -207 -208 -209 -209 -209 -209 -209 -209 -208 -209 -209 -208 -208 -207 -207 -206 -205 -205 -205 -206 -206 -206 -205 -204 -205 -205
-173 -174 -176 -177 -178 -180 -181 -182 -182 -182 -183 -184 -185 -187 -188 -186 -184 -184 -184 -185 -185 -186 -187 -189 -190 -191 -192 -193 -194 -194 -194 -195 -195 -195 -196 -196 -197 -197 -197 -198 -199 -199 -200 -200 -200 -201 -202 -203 -203 -204 -204 -205 -205 -205 -205 -206 -206 -207 -207 -207 -207 -207 -208 -209 -209 -210 -210 -210 -210 -209 -209 -209 -209 -208 -208 -208 -207 -206 -206 -206 -205 -205 -205 -205 -205 -205 -205
-173 -174 -176 -178 -180 -181 -182 -183 -183 -183 -183 -184 -184 -186 -186 -185 -185 -184 -184 -186 -187 -187 -188 -188 -189 -190 -192 -192 -193 -194 -194 -194 -194 -195 -195 -196 -197 -197 -197 -198 -199 -199 -200 -200 -200 -201 -202 -203 -204 -204 -205 -206 -206 -206 -207 -207 -207 -208 -207 -208 -208 -208 -208 -209 -209 -210 -210 -211 -211 -210 -210 -210 -210 -209 -209 -209 -208 -207 -206 -206 -205 -205 -205 -205 -205 -205 -205
-173 -174 -176 -179 -181 -182 -182 -183 -183 -183 -183 -183 -184 -184 -184 -184 -184 -184 -185 -186 -187 -188 -188 -188 -189 -190 -191 -192 -193 -193 -194 -194 -194 -194 -195 -196 -196 -197 -197 -198 -198 -199 -199 -200 -201 -202 -203 -204 -204 -205 -205 -206 -207 -207 -207 -207 -208 -209 -209 -209 -209 -209 -209 -210 -210 -211 -211 -211 -211 -211 -211 -211 -211 -210 -210 -210 -209 -208 -207 -207 -206 -205 -205 -205 -205 -205 -205
-174 -176 -178 -180 -182 -182 -182 -182 -183 -183 -183 -184 -184 -184 -184 -184 -184 -184 -185 -186 -187 -188 -188 -188 -189 -190 -191 -192 -192 -193 -194 -194 -194 -195 -195 -196 -196 -197 -197 -198 -198 -199 -199 -200 -202 -203 -203 -204 -205 -205 -206 -206 -207 -207 -207 -208 -209 -210 -210 -210 -210 -210 -211 -211 -211 -212 -212 -212 -212 -212 -213 -213 -213 -212 -211 -211 -210 -209 -209 -208 -208 -206 -206 -206 -206 -205 -204
-177 -178 -181 -182 -184 -186 -187 -186 -187 -186 -185 -184 -185 -185 -185 -184 -184 -185 -186 -187 -187 -187 -187 -188 -190 -190 -191 -192 -192 -193 -194 -194 -194 -195 -195 -196 -196 -197 -197 -197 -198 -198 -198 -199 -200 -202 -204 -204 -205 -205 -206 -206 -207 -208 -208 -209 -210 -210 -210 -210 -210 -211 -211 -212 -212 -212 -212 -213 -213 -213 -213 -214 -214 -212 -211 -211 -210 -210 -209 -209 -208 -208 -208 -207 -207 -206 -205
-178 -179 -183 -185 -187 -189 -190 -189 -189 -187 -186 -187 -187 -187 -187 -189 -188 -188 -189 -189 -189 -189 -189 -189 -190 -191 -191 -192 -193 -193 -194 -195 -195 -195 -195 -196 -197 -197 -197 -198 -198 -198 -198 -198 -198 -199 -203 -205 -205 -205 -206 -207 -208 -209 -210 -210 -210 -211 -211 -211 -211 -212 -213 -213 -213 -213 -213 -213 -213 -213 -213 -213 -214 -213 -212 -211 -211 -210 -209 -209 -209 -209 -208 -208 -208 -207 -206
-179 -182 -185 -187 -188 -190 -190 -189 -189 -190 -190 -190 -190 -190 -191 -191 -191 -191 -191 -190 -190 -189 -189 -190 -191 -192 -192 -192 -193 -193 -194 -195 -196 -196 -196 -196 -197 -197 -198 -198 -198 -198 -198 -199 -198 -198 -201 -204 -205 -205 -206 -208 -209 -209 -210 -210 -210 -210 -211 -211 -212 -213 -214 -214 -214 -214 -213 -213 -213 -214 -214 -213 -214 -213 -212 -211 -211 -210 -210 -209 -209 -209 -208 -208 -208 -208 -208
-181 -184 -185 -187 -188 -189 -189 -189 -189 -191 -192 -191 -191 -192 -193 -193 -193 -193 -193 -192 -192 -192 -191 -192 -192 -192 -193 -193 -193 -194 -195 -196 -196 -196 -196 -197 -197 -198 -198 -198 -198 -198 -198 -198 -198 -199 -201 -203 -204 -205 -207 -208 -209 -209 -210 -210 -210 -211 -211 -211 -212 -213 -214 -214 -214 -214 -214 -213 -213 -213 -213 -213 -213 -212 -212 -212 -212 -211 -211 -211 -210 -209 -208 -209 -209 -209 -208
-184 -185 -186 -188 -189 -189 -189 -189 -190 -192 -191 -191 -191 -193 -194 -194 -194 -194 -194 -194 -193 -193 -193 -193 -192 -192 -192 -193 -194 -194 -194 -195 -195 -196 -196 -197 -197 -198 -198 -199 -199 -199 -198 -198 -199 -200 -201 -204 -205 -206 -207 -209 -210 -210 -211 -211 -212 -212 -212 -212 -213 -214 -214 -214 -214 -214 -214 -213 -213 -213 -213 -213 -212 -212 -212 -212 -213 -212 -212 -212 -211 -209 -208 -208 -208 -208 -208
-187 -187 -189 -190 -190 -190 -190 -190 -192 -194 -192 -191 -191 -192 -193 -193 -194 -194 -194 -194 -194 -194 -194 -193 -192 -193 -193 -193 -193 -194 -194 -195 -196 -196 -196 -197 -197 -198 -198 -199 -199 -199 -199 -199 -200 -201 -202 -204 -205 -206 -207 -208 -210 -210 -211 -212 -212 -212 -213 -213 -213 -214 -214 -213 -214 -214 -214 -213 -213 -213 -213 -212 -212 -212 -212 -213 -213 -214 -213 -212 -210 -209 -208 -208 -208 -208 -209
-188 -189 -189 -190 -190 -191 -191 -192 -193 -194 -192 -191 -191 -192 -192 -192 -192 -193 -192 -192 -193 -194 -194 -193 -192 -193 -194 -194 -194 -194 -195 -195 -195 -196 -196 -196 -197 -197 -197 -198 -198 -199 -199 -199 -200 -201 -202 -203 -205 -205 -207 -208 -209 -210 -211 -212 -212 -213 -213 -213 -214 -214 -214 -214 -214 -214 -214 -214 -214 -213 -213 -212 -212 -212 -212 -213 -214 -214 -213 -212 -211 -210 -211 -209 -208 -209 -209
-190 -190 -190 -190 -191 -192 -192 -192 -193 -194 -193 -192 -192 -192 -192 -192 -192 -192 -191 -191 -191 -192 -192 -192 -192 -193 -193 -193 -194 -195 -195 -196 -196 -196 -196 -197 -197 -197 -197 -198 -198 -199 -200 -200 -201 -202 -203 -204 -205 -206 -207 -208 -209 -210 -210 -212 -212 -213 -213 -214 -214 -214 -214 -214 -214 -215 -215 -215 -214 -214 -213 -212 -212 -212 -212 -213 -214 -213 -212 -212 -212 -212 -213 -211 -208 -208 -206
-192 -191 -191 -191 -191 -192 -193 -193 -194 -194 -193 -192 -192 -193 -193 -193 -193 -192 -191 -191 -191 -192 -192 -191 -190 -191 -191 -192 -193 -194 -195 -196 -196 -196 -197 -197 -197 -197 -198 -198 -199 -200 -200 -201 -202 -203 -204 -205 -205 -206 -207 -208 -209 -210 -211 -212 -213 -214 -214 -215 -214 -214 -215 -215 -215 -215 -214 -214 -214 -213 -213 -212 -212 -212 -212 -212 -212 -212 -213 -213 -215 -214 -212 -209 -206 -204 -201
-193 -193 -191 -191 -191 -193 -193 -193 -193 -193 -193 -192 -192 -193 -193 -193 -194 -193 -192 -191 -192 -192 -192 -190 -190 -190 -191 -191 -192 -193 -194 -195 -196 -196 -197 -197 -197 -198 -198 -199 -200 -200 -201 -201 -202 -203 -204 -205 -206 -206 -207 -208 -209 -210 -211 -212 -213 -214 -215 -215 -215 -215 -215 -215 -215 -215 -215 -215 -214 -213 -213 -213 -213 -213 -212 -212 -212 -212 -214 -215 -217 -214 -208 -206 -204 -203 -201
