geography/gebco_2023_n41.3196_s40.3857_w-125.2881_e-123.9642.asc
ncols        318
nrows        224
xllcorner    -125.287500000000
yllcorner    40.387500000000
cellsize     0.004166666667
NODATA_value -32767
[rows 38 to 75 of 224, columns 0 to 83 of 318]
-3102 -3104 -3105 -3105 -3105 -3105 -3105 -3104 -3104 -3104 -3105 -3103 -3101 -3100 -3100 -3101 -3101 -3101 -3102 -3098 -3096 -3094 -3096 -3096 -3097 -3097 -3097 -3096 -3096 -3096 -3095 -3094 -3092 -3091 -3090 -3090 -3091 -3089 -3087 -3086 -3084 -3083 -3081 -3071 -3076 -3074 -3073 -3074 -3072 -3070 -3069 -3068 -3065 -3063 -3060 -3057 -3050 -3039 -3015 -2976 -2915 -2839 -2753 -2653 -2539 -2429 -2354 -2301 -2167 -2045 -1988 -1976 -1910 -1870 -1858 -1833 -1814 -1809 -1818 -1842 -1881 -1900 -1827 -1754
-3100 -3102 -3103 -3104 -3105 -3106 -3106 -3105 -3103 -3103 -3102 -3103 -3102 -3101 -3101 -3100 -3100 -3100 -3101 -3099 -3103 -3096 -3097 -3096 -3098 -3097 -3097 -3096 -3096 -3095 -3094 -3093 -3090 -3089 -3090 -3091 -3089 -3088 -3087 -3085 -3083 -3083 -3080 -3079 -3077 -3071 -3074 -3075 -3072 -3070 -3068 -3068 -3063 -3063 -3061 -3058 -3053 -3043 -3023 -2986 -2927 -2855 -2777 -2686 -2582 -2476 -2368 -2301 -2246 -2147 -2085 -2019 -1952 -1894 -1871 -1847 -1818 -1804 -1801 -1810 -1842 -1883 -1864 -1794
-3099 -3102 -3105 -3106 -3107 -3109 -3110 -3107 -3105 -3104 -3103 -3101 -3100 -3100 -3099 -3099 -3098 -3098 -3098 -3094 -3096 -3097 -3095 -3096 -3097 -3096 -3096 -3096 -3095 -3095 -3094 -3094 -3092 -3091 -3088 -3087 -3087 -3084 -3088 -3083 -3082 -3082 -3080 -3079 -3078 -3076 -3075 -3075 -3072 -3069 -3068 -3066 -3065 -3065 -3063 -3059 -3054 -3045 -3030 -2995 -2938 -2871 -2797 -2714 -2622 -2562 -2468 -2353 -2286 -2258 -2203 -2034 -2002 -1937 -1896 -1875 -1831 -1813 -1797 -1794 -1807 -1846 -1863 -1831
-3096 -3099 -3102 -3104 -3106 -3109 -3111 -3110 -3108 -3108 -3106 -3103 -3102 -3100 -3098 -3097 -3098 -3099 -3098 -3091 -3101 -3103 -3096 -3096 -3096 -3095 -3095 -3095 -3094 -3093 -3093 -3093 -3091 -3089 -3086 -3084 -3099 -3081 -3074 -3082 -3081 -3081 -3081 -3081 -3080 -3076 -3073 -3075 -3071 -3067 -3069 -3072 -3066 -3054 -3054 -3050 -3047 -3043 -3035 -3004 -2952 -2893 -2834 -2786 -2690 -2659 -2587 -2485 -2333 -2256 -2214 -2056 -2009 -1968 -1931 -1917 -1884 -1841 -1816 -1817 -1810 -1816 -1836 -1854
-3095 -3098 -3101 -3103 -3106 -3109 -3112 -3113 -3111 -3110 -3108 -3105 -3104 -3102 -3099 -3098 -3097 -3098 -3098 -3087 -3092 -3093 -3093 -3093 -3094 -3095 -3095 -3094 -3094 -3093 -3092 -3091 -3090 -3088 -3086 -3085 -3085 -3088 -3082 -3081 -3081 -3082 -3081 -3079 -3079 -3079 -3077 -3073 -3071 -3078 -3071 -3072 -3057 -3042 -3041 -3043 -3044 -3038 -3032 -3012 -2977 -2929 -2868 -2791 -2722 -2698 -2645 -2537 -2407 -2262 -2246 -2168 -2020 -1991 -1968 -1946 -1916 -1885 -1872 -1893 -1909 -1857 -1836 -1984
-3094 -3097 -3099 -3102 -3105 -3110 -3115 -3116 -3114 -3111 -3108 -3106 -3103 -3100 -3099 -3098 -3097 -3096 -3095 -3093 -3091 -3094 -3093 -3093 -3093 -3093 -3092 -3092 -3092 -3092 -3091 -3090 -3089 -3088 -3086 -3085 -3085 -3087 -3082 -3081 -3080 -3081 -3079 -3078 -3081 -3080 -3076 -3075 -3073 -3103 -3084 -3077 -3049 -3041 -3038 -3042 -3043 -3026 -3021 -3011 -2987 -2950 -2890 -2808 -2734 -2711 -2670 -2567 -2477 -2319 -2213 -2138 -2091 -2032 -2001 -1976 -1943 -1931 -1943 -2001 -2040 -2006 -1951 -2108
-3095 -3097 -3100 -3103 -3106 -3108 -3112 -3115 -3113 -3111 -3111 -3111 -3105 -3102 -3100 -3098 -3097 -3096 -3096 -3096 -3079 -3092 -3093 -3093 -3093 -3092 -3092 -3092 -3091 -3091 -3090 -3089 -3088 -3087 -3085 -3083 -3082 -3083 -3080 -3081 -3079 -3077 -3074 -3075 -3072 -3063 -3061 -3067 -3062 -3094 -3082 -3071 -3035 -3040 -3038 -3039 -3038 -3021 -3013 -3005 -2991 -2966 -2916 -2835 -2752 -2723 -2694 -2616 -2526 -2414 -2204 -2171 -2143 -2097 -2055 -2027 -1999 -1974 -1983 -2050 -2108 -2162 -2171 -2155
-3094 -3097 -3101 -3104 -3106 -3106 -3107 -3110 -3112 -3114 -3117 -3116 -3109 -3106 -3103 -3098 -3096 -3095 -3094 -3095 -3091 -3091 -3092 -3092 -3093 -3092 -3093 -3092 -3091 -3090 -3088 -3087 -3086 -3084 -3086 -3081 -3085 -3107 -3078 -3077 -3076 -3074 -3071 -3070 -3064 -3062 -3058 -3060 -3061 -3087 -3076 -3071 -3027 -3033 -3031 -3032 -3031 -3020 -3013 -3004 -2992 -2977 -2948 -2882 -2778 -2736 -2711 -2665 -2581 -2522 -2307 -2209 -2160 -2139 -2124 -2099 -2067 -2034 -2041 -2120 -2167 -2185 -2184 -2165
-3095 -3095 -3097 -3098 -3100 -3101 -3103 -3106 -3110 -3113 -3113 -3109 -3103 -3101 -3099 -3096 -3096 -3096 -3094 -3095 -3094 -3092 -3092 -3091 -3091 -3091 -3092 -3090 -3089 -3089 -3088 -3087 -3084 -3084 -3112 -3090 -3078 -3273 -3075 -3074 -3074 -3071 -3069 -3066 -3064 -3061 -3055 -3059 -3087 -3079 -3075 -3069 -3023 -3027 -3022 -3018 -3023 -3019 -3013 -3000 -2989 -2981 -2961 -2911 -2827 -2756 -2726 -2692 -2616 -2543 -2378 -2266 -2195 -2151 -2136 -2130 -2115 -2126 -2172 -2272 -2251 -2208 -2214 -2135
-3092 -3093 -3096 -3097 -3098 -3100 -3102 -3105 -3105 -3104 -3102 -3102 -3100 -3099 -3097 -3096 -3095 -3095 -3095 -3094 -3103 -3089 -3091 -3091 -3089 -3090 -3090 -3090 -3090 -3090 -3088 -3085 -3083 -3081 -3080 -3085 -3080 -3074 -3073 -3074 -3072 -3069 -3068 -3067 -3067 -3063 -3052 -3046 -3074 -3068 -3059 -3020 -3017 -3017 -3014 -3010 -3012 -3012 -3008 -2998 -2988 -2982 -2971 -2945 -2891 -2804 -2737 -2704 -2642 -2562 -2418 -2287 -2217 -2198 -2201 -2264 -2294 -2331 -2344 -2329 -2272 -2196 -2161 -2074
-3092 -3093 -3095 -3096 -3098 -3101 -3104 -3106 -3107 -3106 -3103 -3101 -3099 -3097 -3095 -3093 -3093 -3093 -3093 -3095 -3221 -3089 -3089 -3090 -3089 -3090 -3091 -3091 -3089 -3087 -3085 -3083 -3081 -3079 -3076 -3073 -3073 -3071 -3066 -3070 -3068 -3066 -3063 -3066 -3060 -3051 -3038 -3033 -3073 -3067 -3056 -3045 -3013 -3010 -3008 -3006 -3006 -3007 -3003 -2995 -2988 -2983 -2977 -2962 -2927 -2854 -2765 -2717 -2687 -2605 -2490 -2321 -2291 -2397 -2409 -2437 -2462 -2422 -2316 -2250 -2164 -2095 -2050 -2027
-3092 -3093 -3095 -3098 -3100 -3103 -3105 -3106 -3106 -3105 -3103 -3101 -3100 -3098 -3095 -3092 -3091 -3091 -3091 -3110 -3086 -3087 -3088 -3087 -3087 -3088 -3088 -3086 -3085 -3083 -3083 -3080 -3078 -3077 -3075 -3074 -3072 -3072 -3070 -3066 -3065 -3063 -3061 -3057 -3047 -3041 -3032 -3025 -3067 -3059 -3050 -3040 -3008 -3001 -3001 -3001 -3002 -2999 -2997 -2993 -2988 -2983 -2979 -2970 -2943 -2891 -2818 -2759 -2715 -2651 -2503 -2369 -2579 -2587 -2554 -2515 -2510 -2375 -2219 -2132 -2044 -1991 -1969 -1950
-3092 -3091 -3092 -3094 -3097 -3100 -3103 -3105 -3105 -3104 -3102 -3100 -3099 -3096 -3094 -3092 -3091 -3090 -3090 -3112 -3084 -3087 -3087 -3088 -3087 -3087 -3086 -3084 -3083 -3082 -3080 -3080 -3078 -3077 -3075 -3071 -3069 -3068 -3065 -3062 -3059 -3054 -3050 -3045 -3038 -3035 -3032 -3024 -3058 -3052 -3042 -3032 -3001 -2991 -2993 -2995 -2995 -2988 -2984 -2985 -2985 -2983 -2979 -2972 -2955 -2918 -2849 -2775 -2710 -2641 -2533 -2558 -2604 -2639 -2594 -2513 -2478 -2317 -2179 -2083 -2029 -1953 -1912 -1877
-3091 -3091 -3091 -3093 -3095 -3097 -3098 -3101 -3104 -3104 -3101 -3099 -3098 -3096 -3093 -3091 -3090 -3090 -3089 -3242 -3095 -3086 -3087 -3087 -3086 -3085 -3083 -3082 -3081 -3081 -3079 -3076 -3073 -3069 -3068 -3066 -3065 -3066 -3066 -3057 -3053 -3048 -3046 -3041 -3035 -3033 -3026 -3021 -3059 -3047 -3037 -3027 -2993 -2986 -2987 -2986 -2983 -2978 -2972 -2970 -2972 -2974 -2973 -2966 -2950 -2931 -2887 -2824 -2730 -2666 -2647 -2729 -2664 -2617 -2564 -2450 -2399 -2273 -2179 -2102 -2048 -1965 -1926 -1892
-3089 -3089 -3089 -3091 -3094 -3096 -3098 -3101 -3103 -3102 -3099 -3097 -3096 -3095 -3093 -3091 -3089 -3089 -3089 -3112 -3083 -3085 -3088 -3084 -3084 -3083 -3082 -3081 -3080 -3079 -3075 -3072 -3069 -3066 -3064 -3061 -3062 -3060 -3056 -3051 -3047 -3044 -3041 -3035 -3031 -3027 -3021 -3019 -3048 -3043 -3033 -3022 -2990 -2981 -2980 -2979 -2971 -2961 -2954 -2952 -2958 -2962 -2959 -2960 -2965 -2970 -2926 -2860 -2800 -2809 -2885 -2820 -2705 -2611 -2548 -2327 -2293 -2273 -2225 -2176 -2102 -2033 -1949 -1902
-3089 -3088 -3089 -3090 -3093 -3095 -3097 -3099 -3101 -3102 -3101 -3098 -3096 -3096 -3094 -3091 -3089 -3088 -3089 -3253 -3082 -3080 -3115 -3087 -3083 -3082 -3081 -3080 -3078 -3076 -3072 -3070 -3069 -3065 -3062 -3066 -3063 -3054 -3050 -3044 -3043 -3040 -3033 -3027 -3023 -3018 -3017 -3009 -3013 -3034 -3027 -3015 -2977 -2967 -2967 -2967 -2957 -2942 -2933 -2932 -2937 -2946 -2961 -2982 -2996 -2998 -2983 -2946 -2941 -2948 -2915 -2836 -2706 -2539 -2380 -2262 -2270 -2272 -2248 -2223 -2173 -2083 -1998 -1929
-3088 -3087 -3088 -3089 -3091 -3093 -3095 -3097 -3099 -3101 -3101 -3099 -3096 -3096 -3094 -3091 -3089 -3088 -3088 -3087 -3083 -3080 -3080 -3082 -3083 -3081 -3079 -3078 -3076 -3073 -3070 -3069 -3067 -3061 -3061 -3059 -3049 -3044 -3044 -3048 -3039 -3027 -3022 -3015 -3012 -3010 -3024 -3004 -3039 -3034 -3020 -3005 -2965 -2959 -2959 -2958 -2948 -2936 -2927 -2923 -2933 -2962 -2992 -3007 -3015 -3015 -3019 -3016 -3003 -2960 -2846 -2731 -2586 -2447 -2320 -2215 -2250 -2279 -2259 -2239 -2217 -2145 -2049 -1959
-3088 -3087 -3086 -3086 -3088 -3090 -3094 -3096 -3099 -3101 -3100 -3098 -3096 -3096 -3094 -3091 -3088 -3086 -3086 -3086 -3098 -3080 -3081 -3082 -3079 -3079 -3077 -3076 -3073 -3072 -3070 -3068 -3065 -3061 -3059 -3056 -3046 -3045 -3050 -3032 -3021 -3016 -3011 -3005 -3004 -3006 -3002 -2989 -3032 -3032 -3020 -3002 -2957 -2953 -2952 -2948 -2940 -2937 -2950 -2958 -2973 -2995 -3009 -3017 -3022 -3022 -3022 -3020 -2983 -2888 -2774 -2665 -2545 -2425 -2266 -2172 -2206 -2275 -2273 -2263 -2247 -2181 -2084 -1998
-3088 -3087 -3087 -3087 -3088 -3090 -3093 -3095 -3098 -3099 -3099 -3098 -3096 -3095 -3094 -3091 -3088 -3085 -3085 -3084 -3179 -3080 -3081 -3082 -3080 -3078 -3076 -3075 -3073 -3071 -3069 -3068 -3063 -3059 -3058 -3054 -3049 -3050 -3049 -3017 -3010 -3006 -3003 -2999 -3002 -3006 -2998 -2989 -3038 -3034 -3022 -2997 -2951 -2949 -2946 -2941 -2935 -2932 -2949 -2970 -2987 -3002 -3015 -3021 -3022 -3023 -3022 -3016 -2963 -2886 -2806 -2713 -2622 -2488 -2343 -2247 -2185 -2236 -2276 -2273 -2268 -2209 -2142 -2080
-3088 -3087 -3086 -3085 -3086 -3088 -3090 -3093 -3095 -3099 -3100 -3099 -3096 -3094 -3093 -3090 -3088 -3085 -3084 -3083 -3082 -3080 -3079 -3079 -3080 -3077 -3075 -3075 -3074 -3071 -3068 -3065 -3062 -3059 -3057 -3058 -3060 -3067 -3041 -3017 -3007 -2999 -2996 -3000 -3005 -2994 -2984 -2989 -3036 -3032 -3021 -2997 -2953 -2948 -2943 -2940 -2938 -2934 -2936 -2946 -2963 -2984 -3002 -3015 -3020 -3020 -3018 -3001 -2956 -2897 -2829 -2761 -2687 -2602 -2527 -2474 -2238 -2222 -2264 -2277 -2280 -2262 -2205 -2098
-3086 -3085 -3084 -3084 -3085 -3087 -3089 -3092 -3096 -3099 -3101 -3099 -3095 -3093 -3092 -3090 -3087 -3084 -3083 -3083 -3088 -3078 -3078 -3078 -3077 -3076 -3075 -3075 -3073 -3070 -3068 -3064 -3061 -3058 -3054 -3044 -3038 -3027 -3032 -3021 -3007 -2994 -2993 -2998 -3000 -2984 -2977 -2985 -3027 -3023 -3016 -3012 -2979 -2959 -2948 -2944 -2945 -2945 -2945 -2950 -2960 -2971 -2979 -2987 -2997 -2996 -2990 -2968 -2939 -2909 -2859 -2799 -2733 -2671 -2578 -2457 -2370 -2211 -2226 -2261 -2281 -2273 -2221 -2106
-3084 -3084 -3084 -3083 -3085 -3087 -3089 -3090 -3092 -3095 -3098 -3099 -3096 -3094 -3093 -3092 -3088 -3085 -3082 -3081 -3124 -3078 -3077 -3077 -3076 -3075 -3076 -3075 -3072 -3068 -3066 -3062 -3057 -3054 -3051 -3042 -3035 -3023 -3033 -3034 -3007 -2995 -2989 -2991 -2996 -2995 -2985 -2985 -3024 -3019 -3014 -3010 -2996 -2978 -2954 -2952 -2955 -2957 -2956 -2961 -2965 -2964 -2961 -2952 -2938 -2934 -2935 -2934 -2933 -2925 -2896 -2836 -2774 -2714 -2625 -2497 -2364 -2281 -2204 -2222 -2258 -2272 -2244 -2152
-3083 -3083 -3083 -3082 -3082 -3084 -3086 -3089 -3092 -3096 -3099 -3099 -3096 -3093 -3092 -3090 -3087 -3084 -3081 -3081 -3080 -3079 -3078 -3078 -3079 -3077 -3076 -3074 -3070 -3067 -3066 -3060 -3054 -3048 -3047 -3041 -3036 -3027 -3067 -3130 -2999 -2992 -2991 -2987 -2990 -2995 -2995 -3038 -3030 -3021 -3017 -2991 -2996 -2972 -2957 -2956 -2962 -2969 -2965 -2967 -2967 -2958 -2950 -2944 -2936 -2933 -2936 -2940 -2942 -2939 -2925 -2880 -2813 -2741 -2662 -2585 -2502 -2376 -2240 -2202 -2213 -2256 -2261 -2209
-3082 -3082 -3081 -3081 -3082 -3084 -3087 -3090 -3093 -3095 -3097 -3098 -3095 -3092 -3091 -3090 -3087 -3084 -3081 -3080 -3082 -3080 -3076 -3076 -3075 -3075 -3074 -3071 -3068 -3067 -3065 -3058 -3051 -3043 -3040 -3044 -3036 -3023 -3041 -3044 -2996 -2994 -2999 -2992 -2985 -2985 -2986 -3034 -3030 -3023 -3018 -3024 -2998 -2989 -2965 -2956 -2963 -2970 -2966 -2966 -2966 -2959 -2950 -2946 -2944 -2942 -2943 -2946 -2948 -2948 -2942 -2916 -2861 -2801 -2739 -2675 -2614 -2490 -2384 -2254 -2219 -2229 -2250 -2235
-3081 -3081 -3081 -3081 -3081 -3082 -3085 -3087 -3089 -3092 -3096 -3097 -3095 -3091 -3090 -3090 -3087 -3084 -3081 -3079 -3078 -3076 -3076 -3077 -3074 -3075 -3072 -3070 -3068 -3067 -3063 -3057 -3050 -3041 -3043 -3040 -3042 -3025 -3033 -3026 -3004 -2996 -3003 -3003 -2991 -2982 -2980 -3030 -3025 -3021 -3015 -3016 -2997 -3005 -2975 -2958 -2961 -2968 -2968 -2964 -2962 -2959 -2954 -2954 -2953 -2952 -2951 -2951 -2954 -2956 -2955 -2945 -2917 -2871 -2812 -2741 -2657 -2577 -2433 -2367 -2263 -2204 -2221 -2239
-3081 -3080 -3080 -3079 -3079 -3080 -3083 -3086 -3090 -3093 -3096 -3096 -3095 -3092 -3091 -3090 -3088 -3084 -3081 -3078 -3077 -3094 -3079 -3075 -3073 -3074 -3072 -3071 -3069 -3066 -3064 -3057 -3052 -3042 -3044 -3038 -3039 -3031 -3025 -3032 -3017 -3004 -3009 -3007 -3000 -2986 -2975 -3023 -3019 -3020 -3015 -3014 -2994 -3005 -2974 -2961 -2962 -2970 -2968 -2962 -2961 -2961 -2961 -2961 -2960 -2961 -2961 -2963 -2963 -2963 -2964 -2960 -2950 -2917 -2857 -2788 -2718 -2632 -2532 -2463 -2334 -2219 -2214 -2240
-3081 -3079 -3079 -3080 -3080 -3081 -3084 -3087 -3090 -3092 -3093 -3094 -3094 -3092 -3090 -3089 -3087 -3083 -3080 -3077 -3076 -3217 -3096 -3072 -3073 -3072 -3072 -3071 -3070 -3067 -3065 -3059 -3051 -3044 -3044 -3042 -3033 -3035 -3025 -3033 -3012 -3014 -3015 -3000 -3004 -3003 -2986 -3027 -3015 -3013 -3010 -3010 -2995 -3002 -2978 -2966 -2964 -2969 -2970 -2967 -2966 -2967 -2966 -2966 -2967 -2966 -2967 -2968 -2970 -2971 -2969 -2968 -2962 -2945 -2905 -2844 -2776 -2704 -2617 -2521 -2415 -2266 -2225 -2238
-3080 -3080 -3080 -3080 -3080 -3080 -3082 -3084 -3087 -3090 -3092 -3093 -3093 -3092 -3090 -3088 -3087 -3083 -3079 -3076 -3083 -3079 -3074 -3071 -3078 -3073 -3075 -3072 -3069 -3065 -3064 -3060 -3052 -3046 -3043 -3044 -3032 -3029 -3021 -3025 -3013 -3019 -3019 -2997 -3002 -3009 -3000 -3041 -3026 -3015 -3009 -3009 -2990 -2996 -2982 -2972 -2970 -2971 -2972 -2972 -2972 -2972 -2972 -2971 -2972 -2972 -2971 -2973 -2975 -2975 -2974 -2972 -2968 -2960 -2939 -2895 -2831 -2763 -2682 -2590 -2481 -2374 -2290 -2230
-3080 -3079 -3079 -3079 -3078 -3078 -3078 -3080 -3083 -3085 -3087 -3089 -3090 -3090 -3088 -3086 -3086 -3083 -3079 -3075 -3150 -3091 -3072 -3071 -3073 -3075 -3072 -3070 -3067 -3064 -3064 -3059 -3052 -3049 -3045 -3045 -3038 -3029 -3028 -3032 -3011 -3020 -3030 -3003 -2998 -3005 -3008 -3052 -3047 -3040 -3027 -3015 -2988 -2994 -2986 -2982 -2977 -2977 -2976 -2976 -2977 -2977 -2976 -2976 -2977 -2975 -2975 -2977 -2979 -2979 -2977 -2976 -2973 -2968 -2960 -2934 -2880 -2810 -2744 -2672 -2591 -2496 -2402 -2269
-3080 -3078 -3078 -3078 -3077 -3076 -3077 -3079 -3082 -3084 -3087 -3090 -3091 -3090 -3087 -3084 -3083 -3081 -3078 -3075 -3073 -3136 -3073 -3071 -3071 -3072 -3070 -3068 -3065 -3063 -3063 -3058 -3054 -3051 -3048 -3044 -3043 -3034 -3029 -3022 -3014 -3019 -3032 -3020 -3001 -3000 -3004 -3050 -3044 -3039 -3036 -3025 -2990 -2994 -2988 -2987 -2985 -2983 -2981 -2981 -2981 -2980 -2980 -2980 -2980 -2979 -2979 -2981 -2981 -2981 -2980 -2979 -2977 -2974 -2969 -2956 -2925 -2878 -2826 -2762 -2673 -2578 -2501 -2361
-3080 -3078 -3077 -3077 -3076 -3075 -3075 -3077 -3080 -3083 -3086 -3088 -3089 -3090 -3088 -3084 -3082 -3081 -3077 -3075 -3073 -3075 -3076 -3072 -3070 -3069 -3069 -3067 -3064 -3062 -3062 -3058 -3055 -3052 -3050 -3044 -3042 -3039 -3038 -3029 -3024 -3021 -3024 -3022 -3006 -3005 -3014 -3056 -3047 -3041 -3032 -3022 -2994 -2997 -2994 -2991 -2991 -2989 -2988 -2986 -2985 -2984 -2984 -2985 -2982 -2982 -2982 -2984 -2984 -2984 -2984 -2982 -2980 -2978 -2973 -2965 -2953 -2931 -2892 -2828 -2751 -2668 -2591 -2493
-3079 -3078 -3076 -3076 -3075 -3074 -3074 -3075 -3077 -3080 -3082 -3084 -3087 -3089 -3088 -3085 -3083 -3081 -3078 -3075 -3073 -3119 -3082 -3068 -3068 -3067 -3067 -3067 -3062 -3061 -3060 -3059 -3056 -3053 -3052 -3047 -3044 -3042 -3036 -3032 -3029 -3027 -3025 -3024 -3014 -3009 -3060 -3056 -3051 -3046 -3045 -3041 -3002 -3000 -3001 -2998 -2996 -2994 -2992 -2990 -2989 -2988 -2987 -2986 -2984 -2984 -2985 -2987 -2988 -2985 -2986 -2986 -2985 -2982 -2976 -2970 -2963 -2952 -2930 -2890 -2825 -2742 -2676 -2595
-3078 -3077 -3075 -3075 -3074 -3074 -3073 -3074 -3076 -3079 -3081 -3084 -3087 -3088 -3086 -3082 -3081 -3080 -3078 -3074 -3072 -3080 -3073 -3068 -3067 -3066 -3065 -3064 -3062 -3061 -3058 -3058 -3057 -3054 -3051 -3047 -3044 -3042 -3040 -3036 -3030 -3031 -3030 -3029 -3024 -3018 -3068 -3063 -3057 -3051 -3046 -3042 -3012 -3010 -3008 -3005 -3003 -3000 -2996 -2994 -2993 -2991 -2990 -2989 -2988 -2988 -2989 -2991 -2991 -2983 -2988 -2988 -2988 -2985 -2981 -2976 -2970 -2961 -2947 -2922 -2888 -2829 -2733 -2592
-3076 -3075 -3075 -3074 -3074 -3073 -3073 -3074 -3076 -3078 -3080 -3082 -3083 -3083 -3083 -3081 -3080 -3080 -3078 -3075 -3073 -3066 -3076 -3068 -3066 -3066 -3064 -3062 -3062 -3059 -3058 -3056 -3055 -3053 -3051 -3047 -3047 -3046 -3044 -3045 -3035 -3033 -3033 -3033 -3032 -3025 -3073 -3065 -3059 -3054 -3050 -3042 -3036 -3034 -3030 -3026 -3022 -3017 -2999 -2998 -2996 -2994 -2993 -2992 -2991 -2991 -2991 -2991 -2990 -2986 -2985 -2987 -2989 -2988 -2985 -2981 -2975 -2966 -2950 -2937 -2920 -2873 -2737 -2628
-3074 -3073 -3073 -3073 -3073 -3073 -3074 -3074 -3075 -3076 -3077 -3079 -3082 -3085 -3085 -3083 -3080 -3079 -3078 -3075 -3072 -3065 -3076 -3065 -3064 -3063 -3062 -3061 -3060 -3058 -3057 -3055 -3054 -3053 -3050 -3047 -3046 -3043 -3043 -3045 -3037 -3034 -3034 -3034 -3030 -3027 -3068 -3066 -3062 -3057 -3052 -3013 -3014 -3012 -3011 -3009 -3007 -3005 -3003 -3000 -2999 -2998 -2997 -2995 -2994 -2993 -2994 -2992 -2991 -2987 -2984 -2982 -2991 -2991 -2988 -2983 -2977 -2965 -2949 -2941 -2929 -2891 -2777 -2703
-3072 -3072 -3072 -3072 -3072 -3072 -3072 -3072 -3073 -3075 -3078 -3081 -3084 -3087 -3088 -3086 -3082 -3079 -3078 -3075 -3072 -3069 -3069 -3065 -3066 -3066 -3063 -3062 -3059 -3058 -3056 -3054 -3054 -3052 -3048 -3046 -3047 -3043 -3043 -3047 -3041 -3036 -3035 -3034 -3032 -3028 -3083 -3070 -3063 -3056 -3054 -3018 -3016 -3016 -3014 -3012 -3010 -3008 -3006 -3003 -3002 -3000 -2999 -2998 -2997 -2996 -2995 -2994 -2994 -2992 -2985 -2982 -2991 -2992 -2989 -2986 -2980 -2969 -2956 -2951 -2942 -2910 -2850 -2739
-3069 -3069 -3069 -3068 -3069 -3069 -3070 -3072 -3073 -3076 -3079 -3081 -3084 -3086 -3087 -3087 -3084 -3080 -3078 -3075 -3071 -3068 -3066 -3061 -3062 -3064 -3061 -3060 -3058 -3057 -3055 -3055 -3053 -3050 -3048 -3046 -3045 -3044 -3042 -3039 -3038 -3036 -3036 -3034 -3032 -3031 -3079 -3072 -3065 -3061 -3056 -3050 -3019 -3017 -3016 -3014 -3012 -3010 -3008 -3006 -3005 -3003 -3002 -3001 -3000 -2999 -2997 -2996 -2995 -2991 -2988 -2987 -2984 -2982 -2977 -2985 -2980 -2976 -2969 -2965 -2956 -2933 -2871 -2797
-3067 -3067 -3068 -3067 -3068 -3068 -3069 -3069 -3071 -3073 -3076 -3077 -3079 -3081 -3083 -3084 -3083 -3079 -3077 -3074 -3071 -3069 -3068 -3067 -3062 -3070 -3063 -3060 -3058 -3057 -3055 -3054 -3053 -3051 -3049 -3048 -3046 -3045 -3045 -3047 -3040 -3038 -3037 -3035 -3034 -3032 -3074 -3071 -3067 -3063 -3056 -3053 -3025 -3020 -3018 -3016 -3014 -3012 -3010 -3008 -3007 -3006 -3004 -3003 -3002 -3000 -2998 -2997 -2994 -2991 -2988 -2986 -2986 -2983 -2980 -2973 -2970 -2982 -2979 -2974 -2962 -2941 -2884 -2835
