geography/gebco_gulfofmaine_2024_n44.1458_s41.4761_w-70.9497_e-66.2146.asc
ncols        1136
nrows        641
xllcorner    -70.950000000000
yllcorner    41.475000000000
cellsize     0.004166666667
NODATA_value -32767
[rows 494 to 531 of 641, columns 957 to 1043 of 1136]
-63 -63 -61 -62 -65 -67 -67 -68 -69 -70 -70 -70 -69 -70 -70 -70 -70 -70 -70 -69 -69 -69 -69 -69 -70 -71 -73 -74 -73 -72 -72 -73 -73 -72 -72 -71 -71 -71 -70 -70 -70 -70 -70 -71 -71 -71 -71 -73 -73 -74 -74 -75 -77 -78 -80 -81 -72 -77 -75 -75 -75 -75 -74 -74 -75 -75 -75 -77 -79 -76 -77 -78 -78 -78 -78 -78 -79 -80 -80 -81 -82 -82 -82 -82 -82 -82 -82
-68 -67 -69 -65 -64 -65 -66 -66 -67 -68 -69 -68 -69 -70 -70 -70 -70 -70 -70 -70 -69 -69 -69 -70 -70 -71 -73 -74 -73 -72 -71 -73 -74 -73 -72 -72 -71 -70 -69 -70 -70 -70 -70 -70 -71 -72 -72 -73 -73 -75 -77 -77 -79 -80 -82 -81 -79 -76 -75 -75 -74 -75 -75 -75 -75 -76 -77 -77 -76 -75 -76 -77 -77 -76 -77 -77 -78 -79 -79 -80 -81 -81 -81 -82 -83 -83 -82
-67 -66 -66 -65 -63 -63 -62 -66 -67 -68 -67 -66 -66 -67 -69 -69 -70 -70 -70 -70 -69 -69 -69 -70 -70 -71 -74 -75 -76 -74 -73 -74 -73 -71 -71 -71 -71 -70 -69 -70 -71 -71 -72 -72 -73 -74 -75 -78 -80 -80 -81 -80 -80 -80 -81 -79 -77 -76 -76 -75 -75 -75 -75 -75 -75 -78 -77 -75 -75 -75 -75 -76 -76 -76 -76 -77 -78 -78 -79 -80 -79 -79 -80 -82 -83 -82 -83
-64 -63 -63 -63 -64 -63 -65 -65 -64 -65 -66 -66 -66 -67 -69 -68 -68 -68 -68 -69 -69 -69 -69 -70 -70 -71 -72 -74 -76 -76 -75 -74 -72 -70 -70 -70 -70 -70 -70 -70 -71 -73 -73 -74 -73 -75 -78 -81 -83 -84 -83 -81 -80 -78 -77 -77 -77 -76 -76 -76 -76 -76 -76 -76 -77 -79 -76 -75 -75 -75 -75 -76 -76 -76 -76 -77 -77 -78 -79 -79 -79 -79 -80 -81 -82 -82 -82
-67 -68 -67 -66 -64 -60 -59 -62 -63 -63 -65 -66 -67 -68 -69 -68 -67 -67 -67 -68 -68 -68 -69 -69 -69 -70 -71 -72 -75 -76 -75 -73 -71 -70 -69 -70 -70 -70 -69 -70 -71 -73 -74 -75 -77 -78 -81 -83 -84 -83 -80 -78 -76 -75 -75 -74 -74 -75 -74 -75 -76 -77 -77 -78 -78 -78 -76 -76 -76 -75 -75 -75 -75 -75 -76 -76 -77 -78 -79 -79 -78 -78 -80 -80 -80 -80 -81
-65 -66 -64 -66 -68 -65 -65 -65 -65 -65 -65 -65 -67 -68 -69 -68 -68 -68 -68 -68 -68 -68 -68 -69 -70 -70 -71 -71 -73 -75 -73 -71 -70 -69 -69 -69 -69 -69 -69 -70 -70 -71 -72 -76 -79 -81 -82 -83 -81 -77 -75 -75 -74 -73 -73 -73 -73 -74 -74 -75 -76 -77 -78 -78 -80 -80 -78 -77 -77 -76 -76 -76 -75 -75 -75 -76 -76 -77 -78 -78 -78 -79 -79 -79 -79 -80 -81
-67 -66 -69 -69 -66 -64 -61 -64 -64 -66 -65 -65 -67 -67 -68 -69 -70 -70 -70 -71 -72 -72 -71 -71 -71 -71 -71 -72 -72 -73 -71 -70 -69 -69 -70 -70 -71 -72 -72 -72 -71 -72 -74 -79 -82 -82 -80 -79 -77 -77 -77 -75 -74 -73 -72 -72 -73 -74 -74 -75 -76 -77 -79 -80 -81 -80 -78 -77 -77 -77 -76 -76 -76 -76 -75 -75 -76 -77 -77 -77 -78 -79 -79 -79 -80 -81 -83
-67 -67 -68 -68 -66 -65 -62 -63 -61 -62 -65 -65 -67 -67 -69 -72 -73 -73 -73 -73 -73 -67 -74 -74 -73 -74 -73 -73 -74 -73 -72 -70 -69 -70 -71 -72 -75 -75 -75 -75 -75 -76 -78 -80 -80 -79 -78 -77 -76 -77 -77 -75 -74 -73 -73 -72 -66 -74 -74 -74 -76 -77 -79 -80 -79 -78 -77 -77 -77 -77 -77 -76 -76 -75 -75 -75 -76 -76 -77 -77 -78 -79 -80 -80 -80 -82 -81
-66 -66 -69 -69 -69 -69 -67 -66 -64 -65 -62 -63 -68 -65 -69 -70 -71 -73 -74 -74 -74 -73 -74 -74 -74 -75 -76 -76 -77 -76 -73 -70 -70 -71 -72 -74 -76 -77 -77 -77 -77 -78 -79 -78 -78 -77 -76 -77 -76 -76 -76 -75 -73 -73 -72 -72 -72 -73 -73 -70 -77 -78 -79 -79 -78 -77 -77 -70 -77 -76 -76 -76 -75 -76 -75 -75 -76 -76 -77 -77 -78 -79 -80 -80 -80 -80 -80
-67 -69 -69 -70 -70 -69 -70 -68 -67 -68 -66 -64 -65 -68 -68 -66 -71 -72 -74 -75 -75 -75 -74 -74 -74 -75 -78 -77 -77 -76 -73 -71 -71 -72 -74 -76 -78 -78 -77 -77 -76 -77 -77 -76 -76 -77 -75 -77 -78 -78 -78 -76 -74 -73 -72 -72 -73 -73 -74 -75 -77 -79 -80 -80 -79 -77 -76 -76 -76 -75 -76 -76 -77 -77 -76 -75 -76 -77 -77 -77 -79 -79 -79 -79 -80 -80 -80
-64 -69 -68 -68 -68 -66 -68 -67 -67 -68 -66 -66 -64 -67 -66 -67 -70 -69 -75 -76 -77 -78 -77 -79 -79 -80 -80 -81 -80 -78 -75 -74 -74 -74 -76 -77 -78 -79 -76 -76 -76 -75 -75 -75 -76 -76 -76 -76 -77 -78 -78 -77 -75 -74 -73 -73 -73 -73 -75 -76 -78 -80 -81 -80 -79 -77 -76 -76 -76 -76 -76 -77 -78 -77 -76 -76 -76 -77 -77 -78 -80 -80 -80 -79 -80 -80 -80
-62 -63 -64 -67 -69 -68 -66 -68 -71 -68 -68 -70 -68 -68 -65 -63 -64 -69 -73 -72 -75 -79 -80 -81 -81 -81 -81 -81 -82 -80 -79 -78 -77 -77 -78 -79 -79 -78 -76 -75 -74 -73 -74 -75 -75 -77 -76 -76 -77 -77 -77 -77 -75 -74 -73 -73 -73 -73 -74 -76 -77 -79 -79 -78 -78 -76 -75 -75 -76 -76 -76 -78 -79 -78 -77 -77 -77 -78 -78 -78 -79 -80 -80 -80 -80 -80 -79
-61 -62 -65 -65 -67 -68 -70 -72 -72 -72 -71 -68 -67 -67 -65 -64 -62 -67 -69 -68 -70 -77 -78 -80 -80 -81 -81 -81 -82 -82 -80 -79 -79 -79 -79 -78 -77 -75 -74 -73 -72 -72 -73 -73 -73 -75 -75 -75 -76 -77 -77 -77 -76 -74 -73 -72 -72 -72 -72 -74 -76 -77 -76 -76 -76 -76 -76 -75 -76 -77 -78 -79 -80 -78 -78 -78 -78 -79 -79 -79 -79 -80 -80 -80 -80 -80 -79
-69 -69 -68 -67 -66 -72 -74 -74 -73 -71 -71 -68 -67 -66 -62 -66 -64 -65 -64 -65 -70 -71 -76 -78 -78 -78 -79 -79 -80 -80 -81 -80 -79 -78 -77 -76 -75 -73 -73 -71 -72 -72 -72 -72 -72 -72 -73 -73 -75 -75 -75 -76 -76 -75 -74 -73 -74 -73 -72 -73 -74 -75 -74 -74 -75 -75 -76 -76 -76 -78 -80 -80 -80 -79 -78 -78 -79 -80 -80 -80 -79 -80 -80 -80 -81 -81 -80
-69 -69 -68 -69 -68 -72 -72 -71 -70 -69 -71 -71 -67 -66 -66 -69 -65 -60 -61 -61 -67 -66 -71 -73 -74 -75 -76 -77 -77 -78 -79 -78 -77 -75 -75 -74 -73 -73 -72 -72 -72 -72 -72 -72 -72 -72 -72 -71 -73 -73 -73 -75 -77 -76 -75 -75 -76 -76 -74 -74 -74 -74 -75 -75 -74 -74 -76 -76 -77 -77 -79 -79 -79 -79 -79 -79 -79 -80 -81 -81 -80 -80 -81 -82 -82 -82 -81
-62 -65 -67 -70 -70 -67 -68 -70 -69 -70 -71 -71 -69 -68 -68 -67 -65 -61 -60 -62 -65 -65 -65 -70 -72 -73 -74 -77 -78 -77 -76 -75 -74 -73 -73 -72 -72 -72 -71 -71 -71 -71 -71 -71 -71 -71 -71 -71 -72 -72 -72 -75 -77 -77 -76 -77 -78 -78 -77 -76 -75 -74 -74 -74 -74 -75 -75 -75 -75 -76 -77 -77 -78 -77 -80 -79 -79 -81 -82 -81 -81 -81 -82 -83 -82 -82 -81
-59 -58 -63 -67 -67 -66 -69 -71 -71 -71 -73 -68 -67 -67 -65 -65 -62 -64 -59 -59 -60 -66 -67 -70 -72 -73 -74 -77 -77 -74 -73 -72 -71 -71 -71 -71 -71 -71 -70 -70 -70 -70 -70 -70 -71 -71 -71 -71 -71 -72 -73 -75 -76 -76 -76 -78 -80 -81 -80 -78 -76 -75 -73 -73 -74 -74 -75 -75 -76 -76 -76 -76 -78 -78 -80 -80 -80 -80 -81 -81 -81 -81 -82 -83 -82 -80 -76
-62 -60 -62 -61 -63 -70 -70 -70 -70 -71 -71 -68 -65 -67 -69 -66 -62 -65 -61 -58 -56 -61 -68 -68 -70 -75 -76 -77 -74 -72 -72 -71 -70 -70 -70 -70 -70 -70 -70 -70 -70 -70 -70 -70 -71 -70 -71 -71 -71 -72 -73 -74 -76 -76 -76 -78 -80 -82 -82 -79 -77 -75 -73 -72 -73 -74 -74 -75 -77 -76 -76 -77 -77 -78 -79 -80 -80 -81 -81 -82 -81 -81 -83 -84 -83 -81 -79
-63 -61 -61 -61 -62 -68 -69 -69 -67 -67 -66 -68 -69 -70 -71 -65 -67 -65 -61 -62 -60 -58 -64 -65 -68 -71 -78 -78 -73 -72 -72 -71 -70 -69 -69 -69 -69 -70 -70 -70 -70 -70 -70 -67 -69 -70 -70 -71 -71 -72 -72 -74 -76 -77 -77 -78 -79 -80 -81 -81 -78 -75 -73 -72 -72 -73 -74 -76 -76 -77 -77 -70 -76 -78 -80 -81 -82 -82 -81 -81 -81 -82 -82 -82 -81 -81 -83
-64 -63 -62 -63 -63 -64 -61 -63 -65 -66 -66 -69 -71 -72 -71 -67 -64 -66 -61 -59 -61 -64 -62 -67 -70 -74 -77 -77 -73 -72 -71 -71 -69 -69 -62 -69 -69 -69 -69 -70 -70 -70 -70 -69 -70 -71 -70 -71 -71 -71 -72 -73 -75 -76 -77 -77 -79 -80 -81 -81 -78 -74 -72 -72 -73 -73 -73 -75 -77 -76 -76 -77 -77 -79 -80 -81 -83 -82 -81 -81 -81 -82 -82 -80 -83 -84 -84
-61 -60 -62 -62 -66 -65 -62 -62 -64 -66 -70 -71 -72 -73 -70 -70 -65 -63 -61 -62 -61 -66 -64 -64 -72 -75 -75 -74 -73 -72 -70 -69 -69 -69 -69 -69 -69 -69 -69 -70 -71 -71 -71 -71 -71 -70 -71 -71 -72 -72 -72 -73 -73 -76 -78 -79 -79 -80 -83 -82 -78 -74 -72 -72 -73 -74 -74 -74 -75 -76 -76 -76 -77 -80 -82 -82 -82 -81 -81 -80 -79 -80 -80 -80 -83 -86 -85
-55 -55 -61 -63 -62 -58 -58 -62 -65 -69 -70 -70 -71 -68 -70 -68 -69 -65 -64 -65 -66 -67 -64 -68 -74 -75 -74 -73 -70 -71 -69 -68 -68 -68 -68 -68 -69 -69 -70 -70 -71 -71 -71 -71 -71 -71 -71 -71 -71 -72 -72 -73 -73 -80 -80 -81 -80 -82 -83 -82 -77 -73 -72 -72 -73 -74 -74 -74 -75 -76 -76 -76 -76 -79 -80 -81 -81 -80 -81 -81 -80 -79 -79 -80 -80 -83 -86
-60 -61 -61 -62 -66 -66 -64 -64 -61 -64 -69 -66 -69 -72 -73 -70 -66 -64 -63 -65 -65 -68 -64 -71 -74 -74 -73 -74 -71 -70 -69 -68 -68 -67 -67 -68 -68 -69 -70 -71 -71 -71 -71 -70 -71 -71 -71 -71 -71 -71 -72 -73 -75 -81 -82 -82 -82 -83 -83 -80 -75 -72 -72 -72 -72 -70 -73 -74 -74 -75 -76 -76 -76 -77 -78 -79 -80 -80 -80 -79 -79 -79 -78 -79 -80 -83 -82
-58 -56 -61 -61 -62 -64 -60 -63 -62 -64 -67 -66 -66 -67 -65 -69 -70 -66 -66 -67 -66 -65 -67 -68 -73 -71 -72 -71 -70 -71 -69 -68 -67 -67 -67 -67 -68 -69 -70 -70 -70 -71 -70 -70 -70 -71 -71 -71 -71 -71 -71 -73 -74 -80 -81 -81 -82 -83 -83 -80 -76 -73 -72 -72 -72 -72 -72 -73 -75 -76 -75 -75 -76 -76 -77 -78 -79 -80 -79 -78 -79 -79 -78 -78 -80 -81 -80
-60 -60 -60 -61 -60 -63 -64 -64 -61 -60 -59 -55 -63 -71 -70 -65 -64 -68 -64 -67 -69 -67 -70 -67 -72 -76 -75 -71 -69 -70 -69 -68 -67 -67 -67 -67 -68 -68 -69 -70 -70 -70 -70 -70 -70 -71 -71 -71 -71 -71 -71 -74 -74 -79 -80 -81 -80 -80 -80 -79 -75 -73 -72 -72 -72 -72 -71 -73 -74 -76 -75 -75 -76 -75 -76 -77 -78 -80 -81 -80 -80 -79 -78 -78 -79 -79 -77
-57 -56 -55 -62 -64 -63 -59 -59 -65 -66 -65 -63 -64 -67 -69 -69 -67 -64 -66 -69 -70 -64 -69 -69 -72 -71 -72 -69 -68 -67 -67 -68 -67 -67 -67 -67 -67 -67 -68 -69 -70 -70 -70 -70 -71 -70 -70 -71 -71 -71 -72 -75 -75 -79 -79 -79 -78 -78 -79 -77 -75 -73 -73 -72 -71 -69 -69 -72 -74 -75 -75 -75 -75 -76 -76 -77 -78 -79 -80 -80 -79 -78 -78 -78 -79 -80 -80
-64 -58 -61 -62 -61 -59 -57 -59 -59 -58 -60 -60 -60 -59 -58 -64 -65 -62 -62 -65 -67 -67 -69 -67 -67 -69 -69 -70 -73 -70 -68 -67 -67 -67 -67 -67 -67 -67 -68 -69 -69 -69 -70 -69 -70 -70 -70 -71 -71 -71 -73 -75 -76 -78 -80 -79 -80 -81 -79 -77 -76 -75 -74 -73 -72 -71 -71 -68 -72 -74 -74 -75 -75 -76 -76 -77 -77 -79 -79 -80 -79 -78 -77 -78 -79 -79 -80
-66 -64 -61 -63 -64 -66 -67 -65 -61 -61 -57 -58 -58 -56 -58 -56 -63 -65 -64 -67 -66 -66 -69 -69 -71 -68 -66 -73 -73 -70 -67 -65 -66 -67 -67 -66 -67 -68 -68 -68 -68 -68 -68 -69 -69 -69 -71 -70 -71 -71 -73 -76 -76 -78 -81 -82 -83 -82 -81 -79 -77 -75 -74 -74 -70 -71 -68 -66 -68 -74 -74 -74 -75 -76 -76 -77 -77 -78 -78 -79 -78 -76 -77 -78 -79 -79 -80
-64 -65 -63 -67 -66 -67 -65 -64 -66 -60 -57 -56 -58 -58 -56 -55 -57 -58 -62 -65 -69 -67 -70 -66 -66 -66 -70 -75 -73 -70 -69 -67 -66 -67 -67 -67 -67 -68 -69 -69 -69 -69 -69 -68 -68 -69 -70 -70 -70 -71 -74 -78 -77 -79 -80 -79 -81 -81 -81 -80 -78 -76 -74 -73 -73 -71 -68 -68 -71 -72 -73 -73 -74 -75 -74 -77 -77 -78 -77 -78 -78 -77 -70 -77 -78 -78 -79
-64 -65 -70 -72 -68 -64 -65 -68 -65 -60 -59 -59 -60 -63 -64 -65 -64 -63 -62 -62 -69 -69 -68 -65 -67 -68 -70 -70 -70 -69 -68 -68 -67 -67 -68 -67 -68 -69 -69 -69 -69 -69 -69 -68 -68 -69 -69 -69 -69 -72 -75 -76 -77 -78 -78 -80 -83 -80 -79 -79 -79 -76 -74 -69 -71 -69 -68 -70 -69 -69 -72 -73 -74 -75 -75 -76 -77 -77 -78 -79 -77 -75 -76 -77 -78 -79 -79
-65 -66 -71 -71 -70 -67 -65 -64 -65 -64 -63 -64 -63 -65 -65 -61 -61 -60 -60 -66 -68 -69 -67 -65 -66 -66 -66 -64 -62 -66 -69 -68 -68 -68 -68 -68 -68 -69 -69 -70 -70 -69 -69 -69 -69 -68 -69 -69 -70 -72 -75 -76 -75 -78 -79 -80 -80 -79 -79 -79 -78 -76 -73 -72 -72 -72 -69 -69 -69 -69 -72 -72 -73 -74 -74 -77 -79 -78 -78 -79 -77 -74 -74 -77 -77 -78 -78
-65 -68 -70 -68 -68 -68 -65 -63 -65 -64 -63 -64 -65 -67 -68 -68 -68 -68 -67 -64 -62 -72 -71 -69 -66 -64 -63 -63 -67 -68 -68 -68 -68 -68 -68 -68 -69 -69 -70 -70 -70 -70 -69 -69 -69 -69 -68 -69 -71 -73 -76 -76 -73 -76 -77 -78 -79 -79 -79 -78 -77 -75 -72 -71 -70 -70 -69 -68 -68 -70 -72 -72 -72 -73 -75 -78 -79 -78 -79 -79 -78 -77 -77 -77 -77 -78 -77
-65 -66 -72 -68 -68 -65 -64 -62 -60 -62 -63 -65 -65 -66 -66 -64 -67 -67 -65 -65 -66 -69 -70 -70 -67 -62 -62 -62 -59 -61 -69 -68 -68 -68 -68 -68 -69 -69 -69 -70 -70 -69 -69 -69 -69 -69 -69 -70 -72 -74 -75 -75 -74 -76 -77 -78 -78 -79 -79 -78 -76 -74 -72 -71 -71 -70 -71 -69 -71 -71 -73 -72 -72 -73 -74 -79 -78 -78 -80 -79 -77 -77 -77 -77 -77 -77 -78
-65 -65 -67 -68 -69 -65 -62 -63 -63 -63 -64 -66 -66 -65 -63 -65 -68 -68 -66 -68 -66 -68 -70 -70 -66 -62 -62 -59 -58 -65 -68 -68 -68 -68 -68 -68 -68 -69 -69 -70 -70 -69 -69 -69 -69 -68 -69 -72 -73 -74 -75 -75 -74 -76 -78 -78 -78 -79 -80 -78 -76 -74 -72 -71 -71 -69 -70 -68 -72 -72 -73 -73 -72 -72 -73 -76 -78 -79 -80 -79 -77 -78 -78 -77 -77 -77 -78
-65 -66 -67 -68 -67 -66 -64 -64 -65 -66 -66 -67 -68 -65 -64 -65 -68 -67 -67 -67 -67 -71 -72 -69 -67 -64 -64 -62 -61 -65 -66 -67 -67 -66 -67 -68 -68 -68 -69 -69 -69 -69 -69 -69 -68 -69 -70 -73 -73 -74 -74 -74 -74 -76 -77 -78 -78 -79 -79 -77 -76 -74 -72 -71 -71 -71 -69 -69 -71 -71 -74 -73 -72 -71 -72 -73 -76 -78 -78 -79 -78 -79 -78 -77 -77 -77 -77
-66 -66 -67 -68 -67 -66 -65 -64 -65 -65 -65 -67 -67 -65 -66 -67 -69 -68 -67 -69 -70 -70 -71 -69 -64 -63 -64 -61 -59 -60 -62 -66 -66 -65 -66 -67 -67 -68 -68 -68 -68 -68 -68 -68 -69 -70 -71 -72 -73 -73 -73 -73 -74 -76 -76 -77 -78 -79 -77 -76 -75 -72 -71 -71 -70 -71 -68 -68 -72 -74 -73 -73 -73 -72 -72 -72 -75 -77 -80 -79 -80 -80 -78 -77 -77 -77 -77
-66 -65 -66 -67 -67 -66 -65 -65 -65 -66 -66 -65 -66 -67 -68 -68 -69 -69 -69 -69 -70 -69 -71 -67 -66 -64 -64 -60 -59 -59 -62 -65 -65 -65 -65 -67 -67 -68 -68 -68 -68 -67 -67 -68 -68 -70 -71 -72 -73 -73 -72 -73 -74 -76 -76 -76 -78 -78 -77 -77 -75 -72 -71 -70 -70 -70 -71 -67 -71 -73 -73 -72 -73 -74 -74 -74 -74 -77 -81 -80 -79 -78 -78 -77 -77 -77 -77
-59 -67 -67 -68 -67 -66 -66 -65 -66 -66 -65 -65 -66 -68 -68 -68 -69 -69 -70 -71 -72 -68 -72 -65 -72 -67 -64 -61 -59 -59 -60 -64 -65 -64 -65 -66 -67 -67 -68 -68 -68 -68 -67 -67 -68 -63 -72 -72 -73 -73 -73 -73 -76 -76 -76 -77 -78 -78 -79 -77 -74 -72 -70 -70 -70 -70 -71 -67 -71 -72 -75 -75 -75 -75 -75 -75 -75 -76 -80 -80 -78 -78 -78 -77 -77 -77 -77
