geography/gebco_2023_n41.3196_s40.3857_w-125.2881_e-123.9642.asc
ncols        318
nrows        224
xllcorner    -125.287500000000
yllcorner    40.387500000000
cellsize     0.004166666667
NODATA_value -32767
[rows 38 to 75 of 224, columns 84 to 167 of 318]
-1691 -1635 -1599 -1598 -1586 -1537 -1493 -1471 -1430 -1394 -1369 -1351 -1340 -1336 -1332 -1291 -1258 -1241 -1226 -1214 -1205 -1194 -1192 -1194 -1187 -1191 -1181 -1155 -1149 -1153 -1172 -1207 -1234 -1250 -1281 -1342 -1417 -1458 -1427 -1331 -1291 -1270 -1260 -1257 -1255 -1250 -1245 -1249 -1247 -1243 -1233 -1242 -1250 -1253 -1257 -1280 -1290 -1278 -1248 -1230 -1226 -1213 -1203 -1196 -1198 -1189 -1181 -1166 -1162 -1191 -1203 -1201 -1195 -1186 -1177 -1171 -1172 -1178 -1180 -1160 -1142 -1129 -1120 -1111
-1720 -1664 -1623 -1610 -1601 -1555 -1499 -1471 -1433 -1409 -1378 -1352 -1337 -1327 -1325 -1301 -1273 -1253 -1241 -1231 -1221 -1212 -1213 -1217 -1204 -1194 -1184 -1161 -1153 -1156 -1172 -1210 -1250 -1280 -1330 -1410 -1456 -1427 -1335 -1293 -1266 -1252 -1246 -1244 -1244 -1244 -1241 -1239 -1242 -1241 -1233 -1232 -1235 -1238 -1236 -1237 -1260 -1276 -1274 -1254 -1241 -1232 -1230 -1225 -1231 -1216 -1207 -1202 -1189 -1181 -1173 -1165 -1158 -1152 -1147 -1140 -1137 -1141 -1150 -1148 -1147 -1144 -1140 -1134
-1756 -1715 -1692 -1675 -1640 -1578 -1515 -1475 -1445 -1424 -1392 -1369 -1345 -1323 -1311 -1311 -1318 -1331 -1339 -1333 -1320 -1300 -1257 -1235 -1237 -1236 -1217 -1191 -1182 -1189 -1210 -1249 -1296 -1353 -1419 -1447 -1407 -1346 -1296 -1269 -1252 -1245 -1242 -1241 -1240 -1242 -1242 -1243 -1243 -1243 -1237 -1234 -1234 -1233 -1231 -1229 -1231 -1240 -1260 -1269 -1267 -1265 -1263 -1259 -1257 -1247 -1236 -1234 -1228 -1223 -1210 -1195 -1184 -1176 -1170 -1166 -1158 -1152 -1151 -1129 -1119 -1112 -1103 -1091
-1825 -1855 -1869 -1839 -1766 -1675 -1593 -1519 -1473 -1442 -1414 -1397 -1371 -1340 -1318 -1393 -1499 -1561 -1574 -1563 -1544 -1501 -1395 -1300 -1384 -1446 -1413 -1346 -1314 -1338 -1380 -1400 -1412 -1437 -1452 -1409 -1309 -1271 -1268 -1249 -1242 -1240 -1236 -1239 -1240 -1242 -1242 -1244 -1245 -1246 -1243 -1235 -1235 -1234 -1233 -1232 -1231 -1231 -1231 -1229 -1227 -1225 -1222 -1223 -1220 -1215 -1201 -1192 -1191 -1211 -1216 -1195 -1185 -1184 -1180 -1178 -1173 -1165 -1161 -1164 -1126 -1124 -1121 -1112
-1994 -1978 -1954 -1931 -1922 -1873 -1766 -1677 -1594 -1541 -1502 -1453 -1427 -1401 -1402 -1522 -1620 -1639 -1607 -1567 -1553 -1551 -1536 -1480 -1533 -1472 -1466 -1453 -1445 -1442 -1415 -1358 -1334 -1348 -1340 -1321 -1299 -1268 -1257 -1249 -1242 -1233 -1231 -1235 -1239 -1241 -1241 -1243 -1245 -1245 -1246 -1236 -1236 -1235 -1235 -1235 -1233 -1232 -1231 -1226 -1222 -1218 -1214 -1210 -1207 -1200 -1191 -1180 -1166 -1162 -1183 -1190 -1166 -1142 -1134 -1128 -1125 -1122 -1118 -1105 -1096 -1085 -1077 -1078
-2107 -2072 -2022 -1974 -1951 -1935 -1899 -1857 -1784 -1722 -1657 -1586 -1561 -1552 -1587 -1650 -1679 -1641 -1529 -1423 -1388 -1401 -1488 -1487 -1415 -1272 -1259 -1287 -1277 -1269 -1229 -1207 -1211 -1222 -1249 -1264 -1253 -1244 -1256 -1251 -1248 -1244 -1233 -1235 -1237 -1240 -1242 -1243 -1245 -1245 -1245 -1236 -1236 -1237 -1236 -1235 -1233 -1231 -1232 -1228 -1223 -1219 -1214 -1208 -1202 -1194 -1186 -1179 -1168 -1157 -1150 -1151 -1158 -1153 -1138 -1129 -1123 -1121 -1122 -1114 -1109 -1105 -1099 -1083
-2151 -2122 -2045 -1971 -1928 -1893 -1865 -1875 -1877 -1851 -1818 -1768 -1753 -1743 -1735 -1702 -1653 -1554 -1420 -1322 -1283 -1276 -1304 -1307 -1264 -1172 -1127 -1123 -1114 -1116 -1126 -1156 -1187 -1210 -1219 -1223 -1228 -1229 -1235 -1239 -1239 -1240 -1237 -1237 -1237 -1240 -1241 -1243 -1244 -1245 -1246 -1238 -1237 -1237 -1236 -1235 -1233 -1232 -1231 -1228 -1223 -1214 -1202 -1193 -1187 -1177 -1167 -1166 -1155 -1141 -1130 -1121 -1119 -1123 -1126 -1125 -1127 -1126 -1114 -1100 -1081 -1073 -1083 -1079
-2141 -2064 -1983 -1920 -1870 -1836 -1790 -1728 -1757 -1766 -1769 -1747 -1724 -1686 -1650 -1587 -1504 -1403 -1320 -1278 -1259 -1253 -1253 -1253 -1247 -1186 -1122 -1101 -1093 -1089 -1104 -1148 -1184 -1212 -1222 -1220 -1222 -1227 -1232 -1236 -1237 -1236 -1230 -1233 -1235 -1236 -1238 -1240 -1243 -1244 -1245 -1236 -1235 -1235 -1235 -1234 -1232 -1231 -1228 -1223 -1216 -1201 -1184 -1169 -1159 -1152 -1142 -1139 -1133 -1130 -1119 -1108 -1100 -1091 -1085 -1083 -1085 -1092 -1072 -1071 -1057 -1047 -1042 -1062
-2067 -1991 -1927 -1871 -1826 -1793 -1729 -1623 -1568 -1545 -1543 -1512 -1472 -1438 -1412 -1364 -1328 -1304 -1283 -1264 -1251 -1250 -1255 -1255 -1239 -1199 -1151 -1111 -1101 -1081 -1082 -1121 -1157 -1196 -1221 -1225 -1223 -1225 -1231 -1234 -1234 -1233 -1223 -1224 -1228 -1231 -1235 -1238 -1240 -1241 -1242 -1232 -1231 -1230 -1229 -1226 -1223 -1219 -1213 -1205 -1198 -1189 -1173 -1153 -1135 -1128 -1117 -1110 -1104 -1107 -1103 -1098 -1093 -1086 -1077 -1068 -1059 -1058 -1074 -1046 -1045 -1035 -1025 -1019
-2046 -1990 -1899 -1832 -1783 -1730 -1657 -1570 -1545 -1515 -1465 -1435 -1391 -1356 -1329 -1307 -1293 -1281 -1270 -1257 -1246 -1245 -1252 -1246 -1209 -1172 -1137 -1109 -1105 -1081 -1071 -1074 -1100 -1143 -1190 -1216 -1220 -1221 -1229 -1232 -1232 -1231 -1225 -1219 -1220 -1224 -1228 -1231 -1233 -1233 -1235 -1224 -1222 -1219 -1214 -1210 -1205 -1199 -1191 -1181 -1170 -1159 -1149 -1135 -1121 -1110 -1098 -1088 -1081 -1076 -1075 -1070 -1065 -1063 -1061 -1055 -1046 -1041 -1042 -1037 -1027 -1023 -1016 -1006
-2039 -2003 -1914 -1833 -1760 -1681 -1610 -1547 -1524 -1499 -1458 -1429 -1391 -1352 -1320 -1296 -1278 -1263 -1255 -1251 -1244 -1239 -1239 -1222 -1184 -1143 -1112 -1088 -1080 -1071 -1051 -1050 -1066 -1095 -1140 -1179 -1197 -1207 -1219 -1229 -1231 -1228 -1224 -1213 -1213 -1215 -1219 -1222 -1224 -1224 -1223 -1211 -1207 -1204 -1198 -1192 -1185 -1177 -1168 -1158 -1147 -1135 -1123 -1113 -1103 -1094 -1082 -1071 -1062 -1056 -1053 -1051 -1044 -1037 -1035 -1034 -1031 -1025 -1022 -1014 -1015 -1010 -1001 -996
-1966 -1947 -1887 -1819 -1747 -1685 -1638 -1578 -1523 -1488 -1456 -1428 -1403 -1369 -1335 -1301 -1275 -1253 -1248 -1246 -1241 -1231 -1217 -1196 -1159 -1126 -1098 -1065 -1056 -1067 -1050 -1034 -1043 -1064 -1093 -1132 -1162 -1184 -1199 -1215 -1225 -1225 -1221 -1206 -1204 -1205 -1208 -1210 -1211 -1211 -1210 -1196 -1192 -1186 -1179 -1172 -1164 -1156 -1147 -1139 -1130 -1118 -1106 -1094 -1083 -1075 -1063 -1053 -1045 -1037 -1032 -1030 -1027 -1019 -1013 -1012 -1010 -1004 -1005 -995 -993 -999 -993 -982
-1922 -1972 -1929 -1844 -1759 -1694 -1659 -1622 -1560 -1497 -1457 -1435 -1405 -1376 -1346 -1314 -1286 -1253 -1244 -1237 -1227 -1207 -1185 -1161 -1134 -1113 -1092 -1058 -1034 -1046 -1053 -1036 -1037 -1051 -1070 -1098 -1127 -1155 -1178 -1197 -1211 -1218 -1219 -1204 -1199 -1196 -1197 -1198 -1198 -1197 -1196 -1182 -1177 -1170 -1162 -1154 -1146 -1138 -1130 -1122 -1115 -1106 -1096 -1084 -1069 -1059 -1047 -1036 -1028 -1020 -1014 -1011 -1012 -1005 -995 -993 -992 -991 -991 -980 -974 -980 -978 -971
-1930 -1982 -1975 -1889 -1788 -1721 -1675 -1644 -1609 -1526 -1455 -1416 -1391 -1385 -1369 -1340 -1311 -1274 -1252 -1228 -1204 -1176 -1156 -1139 -1117 -1098 -1080 -1058 -1030 -1022 -1041 -1036 -1036 -1047 -1057 -1073 -1091 -1111 -1134 -1160 -1187 -1204 -1210 -1201 -1197 -1192 -1189 -1189 -1188 -1185 -1180 -1165 -1161 -1157 -1149 -1139 -1131 -1123 -1116 -1109 -1101 -1092 -1080 -1068 -1056 -1047 -1034 -1022 -1013 -1004 -998 -994 -992 -989 -983 -979 -979 -979 -981 -970 -957 -959 -965 -955
-1921 -1970 -1986 -1951 -1861 -1751 -1696 -1653 -1620 -1560 -1471 -1426 -1409 -1412 -1395 -1361 -1325 -1283 -1251 -1217 -1189 -1159 -1138 -1124 -1107 -1090 -1075 -1061 -1041 -1026 -1035 -1042 -1038 -1050 -1051 -1054 -1065 -1075 -1089 -1113 -1139 -1167 -1190 -1202 -1197 -1195 -1188 -1182 -1180 -1175 -1168 -1168 -1168 -1166 -1149 -1129 -1120 -1113 -1106 -1099 -1089 -1078 -1066 -1056 -1046 -1039 -1025 -1012 -1002 -993 -986 -980 -977 -976 -972 -964 -962 -962 -960 -955 -951 -942 -939 -945
-1895 -1918 -1972 -1980 -1906 -1802 -1736 -1669 -1619 -1581 -1526 -1480 -1451 -1435 -1399 -1355 -1314 -1273 -1240 -1205 -1172 -1141 -1119 -1108 -1099 -1088 -1078 -1066 -1052 -1037 -1030 -1040 -1037 -1036 -1035 -1028 -1030 -1035 -1040 -1055 -1078 -1107 -1138 -1168 -1188 -1191 -1186 -1177 -1169 -1165 -1163 -1172 -1174 -1175 -1159 -1140 -1132 -1128 -1108 -1086 -1074 -1062 -1050 -1040 -1031 -1026 -1014 -1003 -993 -983 -975 -968 -963 -960 -959 -955 -948 -947 -946 -945 -939 -931 -926 -923
-1899 -1892 -1933 -1975 -1960 -1848 -1773 -1690 -1613 -1571 -1559 -1528 -1469 -1442 -1393 -1343 -1299 -1254 -1218 -1189 -1163 -1135 -1115 -1105 -1097 -1091 -1089 -1077 -1056 -1039 -1027 -1028 -1030 -1023 -1023 -1013 -1005 -1001 -1002 -1010 -1029 -1057 -1091 -1128 -1155 -1173 -1179 -1176 -1166 -1161 -1161 -1168 -1169 -1171 -1163 -1154 -1114 -1098 -1086 -1065 -1050 -1038 -1026 -1017 -1009 -1006 -1000 -992 -982 -974 -965 -958 -952 -947 -946 -943 -937 -935 -932 -930 -928 -921 -914 -910
-1931 -1887 -1880 -1931 -1960 -1856 -1784 -1698 -1621 -1568 -1542 -1524 -1478 -1454 -1422 -1379 -1334 -1260 -1215 -1185 -1160 -1136 -1117 -1105 -1096 -1090 -1093 -1093 -1073 -1040 -1022 -1020 -1024 -1025 -1021 -1012 -995 -976 -967 -964 -979 -1008 -1048 -1088 -1113 -1127 -1134 -1142 -1152 -1159 -1159 -1171 -1168 -1172 -1176 -1172 -1121 -1076 -1062 -1046 -1017 -998 -991 -989 -983 -981 -979 -974 -968 -961 -955 -948 -942 -937 -933 -931 -926 -920 -916 -914 -914 -909 -903 -896
-2000 -1909 -1859 -1897 -1952 -1849 -1775 -1697 -1635 -1576 -1537 -1524 -1497 -1475 -1442 -1405 -1376 -1308 -1257 -1217 -1182 -1149 -1128 -1115 -1105 -1096 -1093 -1099 -1089 -1056 -1024 -1013 -1019 -1030 -1029 -1017 -997 -973 -956 -944 -951 -980 -1024 -1065 -1079 -1082 -1084 -1088 -1098 -1111 -1131 -1163 -1153 -1153 -1145 -1127 -1108 -1082 -1050 -1016 -990 -965 -951 -945 -943 -945 -957 -947 -943 -941 -938 -935 -931 -926 -922 -919 -915 -909 -903 -898 -897 -895 -890 -882
-1975 -1882 -1843 -1859 -1904 -1878 -1811 -1735 -1668 -1611 -1576 -1544 -1509 -1482 -1443 -1410 -1396 -1356 -1310 -1266 -1245 -1186 -1152 -1132 -1117 -1103 -1095 -1099 -1100 -1078 -1045 -1020 -1013 -1019 -1018 -1006 -991 -977 -963 -947 -942 -963 -997 -1023 -1031 -1033 -1046 -1055 -1058 -1063 -1069 -1080 -1093 -1092 -1090 -1087 -1088 -1078 -1057 -1031 -976 -927 -911 -910 -908 -915 -917 -916 -915 -914 -914 -913 -913 -911 -909 -905 -902 -900 -887 -884 -881 -880 -874 -870
-1980 -1890 -1841 -1825 -1912 -1918 -1880 -1803 -1727 -1664 -1624 -1575 -1533 -1501 -1459 -1433 -1420 -1393 -1344 -1302 -1281 -1218 -1181 -1154 -1136 -1120 -1107 -1108 -1110 -1091 -1064 -1043 -1032 -1030 -1025 -1011 -993 -974 -959 -946 -939 -949 -973 -994 -1003 -999 -1009 -1018 -1020 -1027 -1033 -1039 -1046 -1043 -1047 -1054 -1050 -1035 -1045 -1047 -1004 -926 -885 -878 -876 -883 -883 -883 -884 -885 -886 -888 -889 -891 -891 -889 -886 -884 -874 -868 -865 -862 -859 -856
-2030 -1928 -1863 -1834 -1917 -1927 -1917 -1878 -1803 -1733 -1672 -1631 -1567 -1526 -1498 -1477 -1458 -1422 -1385 -1338 -1317 -1256 -1218 -1185 -1161 -1143 -1133 -1135 -1134 -1112 -1085 -1070 -1059 -1046 -1031 -1017 -1003 -982 -961 -944 -930 -927 -937 -953 -947 -968 -971 -980 -985 -993 -997 -1002 -1010 -1009 -1011 -1013 -1005 -995 -1016 -1002 -992 -954 -889 -855 -849 -852 -852 -853 -852 -855 -858 -861 -864 -867 -871 -871 -870 -869 -864 -852 -848 -844 -843 -837
-2106 -1985 -1903 -1862 -1917 -1929 -1928 -1912 -1881 -1819 -1738 -1673 -1617 -1566 -1544 -1516 -1493 -1466 -1441 -1388 -1368 -1311 -1257 -1216 -1191 -1178 -1168 -1162 -1152 -1132 -1109 -1089 -1070 -1051 -1034 -1023 -1016 -998 -972 -947 -923 -907 -909 -914 -921 -912 -905 -926 -933 -949 -964 -964 -964 -971 -970 -974 -961 -959 -971 -940 -918 -933 -915 -861 -829 -826 -823 -829 -825 -827 -829 -833 -837 -842 -847 -850 -852 -853 -844 -840 -832 -827 -824 -824
-2168 -2058 -1969 -1915 -1926 -1944 -1950 -1947 -1932 -1890 -1803 -1742 -1678 -1618 -1574 -1545 -1520 -1494 -1476 -1456 -1443 -1364 -1306 -1257 -1224 -1201 -1183 -1166 -1153 -1138 -1114 -1083 -1060 -1045 -1034 -1028 -1024 -1017 -1020 -964 -926 -878 -877 -883 -885 -881 -874 -877 -891 -906 -925 -945 -949 -950 -955 -955 -936 -920 -929 -906 -874 -861 -884 -882 -850 -811 -793 -798 -796 -799 -804 -808 -811 -816 -822 -827 -830 -832 -832 -830 -817 -812 -808 -805
-2201 -2131 -2058 -1976 -1954 -1961 -1968 -1968 -1956 -1920 -1854 -1791 -1711 -1636 -1589 -1562 -1543 -1508 -1485 -1467 -1450 -1396 -1343 -1293 -1251 -1219 -1197 -1177 -1156 -1137 -1103 -1067 -1037 -1025 -1009 -1020 -1026 -1023 -1169 -980 -935 -900 -880 -869 -862 -856 -847 -850 -861 -872 -886 -902 -919 -939 -937 -927 -914 -897 -888 -881 -854 -829 -830 -849 -861 -864 -807 -794 -781 -783 -785 -786 -788 -793 -798 -802 -807 -812 -812 -813 -805 -797 -792 -788
-2229 -2185 -2106 -2017 -1958 -1956 -1965 -1971 -1964 -1923 -1869 -1800 -1729 -1655 -1607 -1584 -1569 -1536 -1511 -1489 -1466 -1447 -1392 -1335 -1279 -1234 -1206 -1190 -1159 -1122 -1043 -1018 -989 -983 -990 -997 -1004 -1025 -1027 -1003 -959 -920 -892 -869 -855 -855 -842 -834 -843 -853 -860 -864 -883 -925 -917 -908 -886 -872 -861 -851 -834 -815 -808 -809 -816 -838 -834 -831 -812 -803 -794 -780 -773 -774 -778 -782 -785 -792 -789 -791 -789 -778 -774 -770
-2241 -2224 -2149 -2051 -1985 -1953 -1953 -1964 -1968 -1951 -1889 -1831 -1744 -1670 -1622 -1598 -1580 -1553 -1532 -1507 -1486 -1468 -1408 -1349 -1288 -1241 -1208 -1182 -1152 -1115 -1056 -1012 -976 -960 -957 -963 -981 -1012 -1026 -1016 -982 -942 -906 -880 -857 -839 -826 -823 -829 -834 -836 -845 -869 -898 -903 -904 -877 -850 -837 -826 -813 -802 -793 -788 -786 -795 -800 -805 -794 -789 -784 -775 -766 -761 -762 -764 -767 -767 -764 -766 -769 -756 -753 -751
-2234 -2235 -2188 -2096 -2018 -1984 -1961 -1961 -1974 -1976 -1942 -1880 -1795 -1707 -1645 -1614 -1590 -1548 -1524 -1501 -1471 -1442 -1383 -1334 -1280 -1238 -1211 -1186 -1154 -1093 -1068 -1014 -968 -933 -911 -906 -932 -977 -1001 -1005 -995 -963 -919 -887 -865 -846 -825 -817 -821 -825 -827 -844 -873 -890 -884 -888 -872 -837 -819 -805 -794 -786 -780 -774 -770 -772 -771 -774 -770 -767 -764 -760 -756 -751 -749 -749 -751 -749 -746 -745 -749 -739 -736 -737
-2216 -2218 -2221 -2211 -2153 -2024 -1991 -1972 -1983 -1997 -1980 -1906 -1819 -1743 -1677 -1639 -1610 -1560 -1516 -1486 -1449 -1415 -1368 -1330 -1284 -1238 -1210 -1188 -1160 -1107 -1084 -1038 -977 -933 -899 -894 -912 -942 -971 -989 -995 -978 -938 -899 -869 -850 -836 -827 -823 -825 -839 -864 -879 -876 -861 -864 -854 -825 -806 -790 -777 -771 -767 -763 -761 -761 -758 -762 -757 -753 -751 -749 -747 -744 -740 -738 -736 -736 -738 -739 -734 -729 -727 -729
-2255 -2202 -2203 -2210 -2167 -2096 -2047 -2016 -2028 -2051 -2023 -1950 -1859 -1785 -1728 -1687 -1647 -1581 -1533 -1486 -1444 -1412 -1371 -1339 -1296 -1244 -1216 -1199 -1172 -1139 -1100 -1057 -1005 -943 -900 -884 -890 -912 -939 -956 -965 -962 -938 -901 -868 -851 -842 -832 -830 -833 -850 -866 -861 -853 -853 -842 -833 -813 -797 -780 -766 -757 -753 -751 -751 -751 -749 -755 -750 -747 -745 -743 -741 -739 -737 -735 -734 -734 -730 -729 -726 -723 -719 -715
-2394 -2269 -2201 -2202 -2193 -2146 -2103 -2091 -2097 -2093 -2063 -2009 -1920 -1831 -1776 -1734 -1689 -1633 -1570 -1512 -1463 -1422 -1383 -1348 -1307 -1255 -1227 -1216 -1191 -1157 -1119 -1079 -1032 -970 -913 -887 -886 -902 -923 -933 -930 -920 -907 -885 -856 -848 -848 -834 -830 -836 -845 -846 -842 -840 -841 -823 -815 -802 -787 -771 -758 -746 -739 -740 -740 -743 -741 -743 -742 -741 -739 -738 -737 -736 -734 -732 -731 -731 -727 -724 -721 -718 -715 -712
-2473 -2318 -2233 -2211 -2186 -2145 -2129 -2148 -2159 -2151 -2147 -2092 -1985 -1875 -1795 -1743 -1699 -1647 -1586 -1528 -1480 -1435 -1389 -1348 -1307 -1256 -1225 -1214 -1196 -1171 -1136 -1101 -1063 -1010 -948 -913 -902 -899 -902 -902 -889 -880 -883 -879 -862 -853 -852 -830 -834 -839 -839 -839 -838 -835 -830 -812 -802 -790 -776 -763 -752 -739 -729 -729 -729 -734 -730 -733 -733 -733 -733 -732 -732 -731 -730 -728 -727 -726 -723 -721 -718 -714 -711 -708
-2447 -2338 -2279 -2244 -2200 -2160 -2158 -2179 -2196 -2207 -2201 -2171 -2042 -1908 -1805 -1743 -1697 -1639 -1586 -1532 -1489 -1441 -1393 -1352 -1309 -1265 -1230 -1213 -1202 -1182 -1148 -1119 -1095 -1063 -1014 -971 -943 -916 -900 -889 -871 -855 -857 -866 -868 -864 -858 -846 -840 -834 -835 -835 -834 -828 -821 -803 -791 -780 -767 -756 -747 -739 -727 -719 -713 -720 -713 -726 -725 -725 -725 -725 -725 -724 -724 -723 -723 -723 -718 -715 -712 -708 -705 -701
-2501 -2386 -2332 -2298 -2241 -2190 -2184 -2198 -2211 -2220 -2228 -2198 -2074 -1912 -1792 -1740 -1685 -1626 -1570 -1528 -1480 -1449 -1410 -1375 -1333 -1285 -1245 -1217 -1200 -1181 -1154 -1127 -1106 -1079 -1045 -1004 -969 -936 -913 -893 -868 -843 -836 -844 -853 -859 -856 -843 -834 -828 -832 -831 -828 -821 -814 -793 -781 -771 -759 -749 -744 -736 -721 -718 -728 -720 -706 -717 -715 -715 -716 -717 -717 -717 -717 -717 -716 -716 -711 -708 -705 -701 -697 -693
-2590 -2454 -2371 -2335 -2284 -2226 -2209 -2214 -2224 -2230 -2231 -2205 -2098 -1932 -1809 -1746 -1677 -1614 -1560 -1524 -1488 -1455 -1414 -1373 -1331 -1288 -1253 -1220 -1193 -1173 -1150 -1123 -1096 -1066 -1036 -1008 -977 -946 -918 -888 -858 -828 -814 -820 -831 -837 -837 -829 -816 -818 -821 -822 -820 -814 -806 -781 -772 -762 -752 -744 -738 -732 -722 -719 -740 -768 -718 -708 -707 -705 -706 -708 -709 -710 -710 -709 -709 -708 -705 -702 -698 -694 -690 -686
-2635 -2518 -2436 -2401 -2360 -2295 -2244 -2227 -2229 -2231 -2228 -2203 -2102 -1968 -1844 -1759 -1685 -1609 -1555 -1519 -1495 -1461 -1418 -1375 -1330 -1286 -1254 -1225 -1194 -1171 -1148 -1120 -1087 -1051 -1017 -991 -966 -942 -917 -882 -851 -820 -801 -800 -806 -811 -813 -807 -801 -793 -799 -805 -808 -805 -797 -771 -764 -755 -746 -738 -733 -726 -717 -714 -722 -763 -777 -708 -703 -701 -699 -700 -702 -703 -703 -703 -702 -702 -698 -696 -693 -686 -682 -678
-2681 -2581 -2517 -2477 -2423 -2350 -2288 -2245 -2232 -2227 -2202 -2131 -2048 -1928 -1847 -1793 -1720 -1623 -1567 -1535 -1507 -1476 -1431 -1384 -1340 -1295 -1259 -1231 -1201 -1172 -1149 -1119 -1081 -1042 -1004 -976 -951 -929 -904 -865 -830 -804 -787 -778 -774 -776 -779 -776 -780 -774 -783 -793 -796 -795 -788 -762 -756 -748 -740 -733 -729 -724 -716 -713 -712 -720 -751 -751 -700 -700 -696 -694 -695 -696 -696 -696 -695 -695 -692 -689 -685 -680 -675 -670
-2780 -2692 -2601 -2529 -2453 -2386 -2339 -2278 -2245 -2225 -2181 -2101 -2048 -1974 -1880 -1835 -1760 -1664 -1599 -1560 -1533 -1507 -1464 -1415 -1366 -1317 -1275 -1243 -1209 -1179 -1153 -1122 -1082 -1037 -997 -967 -941 -916 -894 -868 -836 -797 -764 -746 -738 -739 -745 -747 -747 -751 -764 -776 -785 -786 -780 -756 -750 -743 -735 -730 -727 -724 -727 -723 -714 -708 -709 -763 -741 -713 -698 -692 -690 -690 -690 -689 -689 -689 -687 -682 -678 -674 -670 -664
