geography/gebco_morrobay_2023_n36.2_s35.2_w-122.3_e-121.3.asc
ncols        240
nrows        240
xllcorner    -122.300000000000
yllcorner    35.200000000000
cellsize     0.004166666667
NODATA_value -32767
[rows 144 to 179 of 240, columns 0 to 80 of 240]
-3581 -3562 -3563 -3564 -3562 -3553 -3552 -3548 -3494 -3431 -3391 -3349 -3308 -3227 -3189 -3110 -3160 -3683 -2892 -2842 -2800 -2761 -2726 -2648 -2653 -2610 -2567 -2522 -2482 -2435 -2391 -2355 -2307 -2250 -2200 -2171 -2147 -2101 -2057 -2018 -1981 -1955 -1939 -1919 -1898 -1873 -1829 -1777 -1730 -1694 -1664 -1634 -1607 -1593 -1571 -1544 -1517 -1493 -1469 -1441 -1413 -1394 -1371 -1347 -1320 -1292 -1269 -1248 -1230 -1209 -1188 -1168 -1142 -1136 -1124 -1110 -1095 -1080 -1066 -1054 -1044
-3600 -3589 -3579 -3560 -3551 -3544 -3538 -3532 -3470 -3404 -3352 -3307 -3264 -3189 -3125 -3100 -3036 -3225 -2864 -2810 -2752 -2710 -2672 -2636 -2624 -2584 -2541 -2499 -2459 -2423 -2384 -2338 -2295 -2269 -2245 -2214 -2186 -2129 -2077 -2040 -2018 -2000 -1978 -1953 -1914 -1865 -1823 -1785 -1750 -1718 -1689 -1659 -1630 -1601 -1586 -1567 -1544 -1520 -1493 -1461 -1429 -1397 -1379 -1358 -1332 -1304 -1278 -1253 -1229 -1208 -1188 -1168 -1143 -1136 -1125 -1111 -1096 -1081 -1068 -1055 -1045
-3602 -3593 -3577 -3561 -3540 -3536 -3539 -3520 -3467 -3394 -3338 -3306 -3271 -3192 -3134 -3090 -3054 -3011 -2915 -2862 -2799 -2759 -2712 -2669 -2646 -2627 -2571 -2531 -2492 -2457 -2421 -2359 -2310 -2285 -2260 -2222 -2178 -2134 -2100 -2072 -2044 -2011 -1975 -1935 -1893 -1865 -1837 -1807 -1777 -1744 -1715 -1687 -1658 -1631 -1620 -1601 -1575 -1545 -1512 -1479 -1446 -1413 -1382 -1364 -1341 -1314 -1286 -1260 -1233 -1210 -1192 -1175 -1160 -1144 -1125 -1112 -1097 -1083 -1071 -1059 -1049
-3609 -3598 -3578 -3574 -3548 -3547 -3549 -3534 -3487 -3412 -3364 -3337 -3278 -3201 -3162 -3124 -3036 -2989 -2945 -2878 -2822 -2778 -2730 -2686 -2652 -2624 -2581 -2542 -2506 -2458 -2424 -2381 -2333 -2300 -2265 -2218 -2176 -2127 -2088 -2059 -2024 -1982 -1947 -1917 -1894 -1901 -1877 -1832 -1797 -1764 -1736 -1711 -1688 -1667 -1648 -1636 -1603 -1570 -1535 -1498 -1462 -1428 -1395 -1365 -1347 -1322 -1294 -1268 -1244 -1221 -1201 -1186 -1169 -1152 -1127 -1111 -1100 -1089 -1077 -1066 -1055
-3619 -3612 -3591 -3589 -3573 -3568 -3570 -3547 -3491 -3415 -3367 -3324 -3273 -3209 -3158 -3122 -3054 -3004 -2945 -2885 -2849 -2781 -2736 -2684 -2646 -2621 -2588 -2548 -2514 -2479 -2443 -2395 -2338 -2287 -2231 -2187 -2141 -2088 -2053 -2021 -1983 -1949 -1936 -1934 -1916 -1903 -1873 -1835 -1801 -1773 -1748 -1725 -1705 -1689 -1675 -1653 -1625 -1594 -1555 -1516 -1478 -1441 -1408 -1374 -1342 -1328 -1304 -1281 -1258 -1234 -1212 -1194 -1177 -1159 -1139 -1114 -1107 -1098 -1087 -1075 -1064
-3623 -3620 -3595 -3591 -3589 -3588 -3585 -3548 -3500 -3435 -3377 -3327 -3286 -3238 -3185 -3105 -3047 -2998 -2940 -2885 -2837 -2809 -2784 -2714 -2679 -2636 -2588 -2547 -2504 -2457 -2410 -2365 -2321 -2265 -2209 -2165 -2117 -2074 -2044 -1995 -1959 -1957 -1961 -1940 -1905 -1877 -1850 -1822 -1799 -1777 -1756 -1735 -1718 -1707 -1695 -1666 -1627 -1597 -1563 -1523 -1486 -1450 -1414 -1377 -1347 -1334 -1315 -1296 -1273 -1249 -1224 -1203 -1187 -1169 -1149 -1131 -1114 -1107 -1096 -1084 -1073
-3624 -3619 -3598 -3593 -3594 -3596 -3589 -3552 -3497 -3440 -3368 -3318 -3286 -3243 -3162 -3097 -3049 -3008 -2957 -2915 -2880 -2835 -2814 -2725 -2678 -2640 -2602 -2557 -2513 -2461 -2416 -2371 -2327 -2265 -2201 -2150 -2101 -2049 -2012 -1982 -1963 -1957 -1945 -1923 -1896 -1870 -1846 -1822 -1800 -1781 -1761 -1742 -1726 -1706 -1672 -1632 -1601 -1576 -1553 -1522 -1484 -1448 -1412 -1379 -1353 -1340 -1328 -1308 -1287 -1264 -1237 -1214 -1198 -1181 -1161 -1143 -1126 -1111 -1104 -1093 -1082
-3628 -3622 -3614 -3596 -3595 -3597 -3583 -3527 -3473 -3427 -3374 -3333 -3307 -3272 -3200 -3142 -3082 -3036 -2981 -2942 -2908 -2834 -2811 -2752 -2706 -2657 -2615 -2564 -2515 -2480 -2425 -2380 -2325 -2259 -2194 -2135 -2084 -2044 -2015 -1990 -1974 -1966 -1953 -1929 -1903 -1877 -1850 -1822 -1801 -1784 -1766 -1748 -1725 -1696 -1650 -1607 -1585 -1567 -1544 -1514 -1482 -1446 -1415 -1388 -1364 -1343 -1333 -1319 -1298 -1277 -1251 -1226 -1208 -1192 -1173 -1155 -1136 -1114 -1110 -1103 -1094
-3629 -3624 -3618 -3602 -3598 -3603 -3590 -3548 -3496 -3446 -3400 -3359 -3326 -3289 -3236 -3166 -3102 -3034 -2963 -2932 -2872 -2775 -2753 -2720 -2707 -2627 -2588 -2547 -2502 -2456 -2429 -2367 -2309 -2250 -2187 -2137 -2094 -2060 -2031 -2010 -1999 -1992 -1973 -1943 -1911 -1880 -1851 -1830 -1812 -1794 -1775 -1753 -1726 -1692 -1644 -1603 -1576 -1552 -1531 -1508 -1477 -1444 -1421 -1400 -1377 -1354 -1332 -1323 -1307 -1287 -1264 -1239 -1219 -1203 -1188 -1169 -1147 -1119 -1115 -1113 -1108
-3633 -3628 -3621 -3615 -3604 -3608 -3604 -3585 -3525 -3458 -3411 -3364 -3316 -3262 -3193 -3123 -3062 -3005 -2962 -2903 -2850 -2790 -2753 -2716 -2685 -2634 -2586 -2543 -2500 -2452 -2413 -2361 -2307 -2255 -2206 -2170 -2139 -2096 -2066 -2049 -2039 -2019 -1989 -1948 -1913 -1882 -1865 -1849 -1829 -1808 -1784 -1758 -1728 -1693 -1650 -1606 -1580 -1553 -1531 -1509 -1481 -1457 -1435 -1412 -1387 -1361 -1337 -1315 -1310 -1295 -1275 -1253 -1233 -1218 -1202 -1183 -1161 -1148 -1122 -1121 -1120
-3633 -3626 -3620 -3609 -3601 -3602 -3589 -3550 -3496 -3429 -3374 -3327 -3283 -3238 -3186 -3134 -3071 -3020 -2973 -2913 -2855 -2799 -2759 -2716 -2684 -2679 -2597 -2555 -2514 -2465 -2420 -2380 -2337 -2280 -2238 -2199 -2158 -2127 -2104 -2083 -2055 -2025 -1991 -1947 -1918 -1895 -1881 -1862 -1843 -1818 -1790 -1764 -1735 -1699 -1660 -1617 -1585 -1558 -1528 -1498 -1490 -1471 -1449 -1423 -1395 -1367 -1340 -1318 -1300 -1299 -1283 -1268 -1250 -1233 -1216 -1195 -1177 -1167 -1161 -1133 -1128
-3627 -3620 -3611 -3601 -3597 -3594 -3580 -3534 -3494 -3449 -3394 -3343 -3311 -3267 -3216 -3151 -3099 -3049 -2995 -2942 -2886 -2827 -2783 -2741 -2703 -2678 -2636 -2593 -2548 -2507 -2467 -2420 -2356 -2288 -2238 -2197 -2155 -2126 -2099 -2071 -2034 -2000 -1971 -1948 -1928 -1912 -1898 -1883 -1862 -1834 -1803 -1774 -1742 -1707 -1671 -1633 -1597 -1565 -1533 -1506 -1503 -1483 -1462 -1438 -1408 -1373 -1341 -1321 -1306 -1291 -1278 -1282 -1267 -1248 -1228 -1210 -1197 -1189 -1182 -1169 -1147
-3624 -3618 -3611 -3603 -3605 -3607 -3598 -3571 -3544 -3516 -3452 -3387 -3351 -3316 -3263 -3188 -3133 -3081 -3025 -2972 -2907 -2844 -2796 -2755 -2713 -2673 -2647 -2586 -2539 -2494 -2453 -2401 -2337 -2281 -2224 -2180 -2149 -2112 -2077 -2042 -2004 -1986 -1973 -1958 -1943 -1931 -1921 -1904 -1876 -1840 -1806 -1777 -1748 -1714 -1682 -1650 -1614 -1583 -1550 -1526 -1503 -1502 -1482 -1457 -1419 -1381 -1348 -1329 -1317 -1305 -1291 -1293 -1279 -1262 -1246 -1234 -1225 -1216 -1201 -1179 -1155
-3621 -3616 -3613 -3609 -3605 -3608 -3611 -3594 -3550 -3500 -3450 -3402 -3353 -3303 -3246 -3176 -3117 -3064 -3012 -2954 -2893 -2835 -2793 -2755 -2714 -2675 -2652 -2597 -2527 -2479 -2439 -2390 -2328 -2270 -2210 -2171 -2148 -2122 -2080 -2033 -2012 -2003 -1993 -1983 -1968 -1954 -1933 -1901 -1863 -1822 -1801 -1780 -1752 -1721 -1689 -1660 -1630 -1604 -1577 -1552 -1534 -1515 -1498 -1471 -1429 -1395 -1365 -1342 -1331 -1320 -1305 -1299 -1293 -1282 -1273 -1264 -1253 -1236 -1211 -1185 -1161
-3619 -3614 -3611 -3608 -3595 -3588 -3593 -3591 -3555 -3502 -3452 -3416 -3371 -3307 -3249 -3184 -3130 -3081 -3024 -2965 -2909 -2860 -2816 -2776 -2730 -2687 -2647 -2622 -2535 -2476 -2433 -2385 -2326 -2265 -2214 -2180 -2169 -2137 -2091 -2052 -2035 -2026 -2020 -2010 -1992 -1968 -1932 -1899 -1859 -1825 -1801 -1781 -1753 -1723 -1697 -1672 -1648 -1625 -1604 -1584 -1564 -1540 -1504 -1480 -1446 -1415 -1389 -1368 -1353 -1338 -1323 -1313 -1317 -1312 -1304 -1293 -1275 -1248 -1219 -1191 -1168
-3625 -3618 -3617 -3611 -3596 -3583 -3574 -3570 -3560 -3529 -3486 -3461 -3423 -3354 -3288 -3227 -3168 -3115 -3049 -2987 -2934 -2883 -2834 -2788 -2738 -2689 -2642 -2606 -2542 -2487 -2441 -2390 -2330 -2270 -2228 -2193 -2174 -2143 -2114 -2086 -2065 -2054 -2043 -2025 -1998 -1963 -1930 -1900 -1860 -1834 -1811 -1785 -1751 -1725 -1706 -1689 -1670 -1650 -1627 -1604 -1580 -1551 -1520 -1499 -1481 -1450 -1426 -1404 -1382 -1363 -1350 -1341 -1343 -1342 -1332 -1314 -1288 -1257 -1228 -1199 -1178
-3632 -3625 -3621 -3618 -3603 -3585 -3571 -3568 -3577 -3568 -3551 -3500 -3439 -3384 -3329 -3266 -3200 -3145 -3079 -3018 -2957 -2899 -2849 -2798 -2746 -2694 -2643 -2600 -2577 -2501 -2454 -2402 -2344 -2288 -2240 -2203 -2181 -2160 -2137 -2108 -2085 -2064 -2045 -2022 -1992 -1961 -1935 -1905 -1869 -1838 -1815 -1785 -1752 -1733 -1724 -1716 -1702 -1681 -1651 -1620 -1591 -1563 -1534 -1517 -1503 -1484 -1461 -1439 -1419 -1401 -1386 -1376 -1364 -1363 -1351 -1328 -1298 -1266 -1238 -1211 -1193
-3638 -3631 -3625 -3623 -3610 -3591 -3575 -3574 -3583 -3595 -3567 -3511 -3461 -3408 -3357 -3299 -3228 -3164 -3104 -3046 -2985 -2920 -2864 -2810 -2757 -2706 -2649 -2601 -2567 -2518 -2468 -2418 -2364 -2307 -2256 -2220 -2203 -2186 -2160 -2126 -2088 -2068 -2049 -2021 -1997 -1970 -1943 -1908 -1876 -1845 -1825 -1805 -1773 -1751 -1751 -1750 -1736 -1705 -1666 -1632 -1603 -1576 -1552 -1529 -1523 -1507 -1488 -1471 -1452 -1434 -1416 -1403 -1389 -1371 -1362 -1339 -1308 -1279 -1252 -1229 -1211
-3642 -3636 -3631 -3628 -3622 -3611 -3595 -3587 -3588 -3593 -3579 -3545 -3492 -3443 -3388 -3332 -3254 -3184 -3122 -3058 -3002 -2947 -2887 -2830 -2776 -2718 -2664 -2615 -2569 -2554 -2492 -2441 -2383 -2325 -2282 -2251 -2222 -2194 -2172 -2134 -2107 -2090 -2070 -2036 -2010 -1987 -1955 -1919 -1890 -1864 -1838 -1817 -1799 -1785 -1790 -1781 -1751 -1709 -1673 -1644 -1619 -1595 -1572 -1551 -1544 -1530 -1512 -1494 -1475 -1457 -1441 -1426 -1409 -1388 -1361 -1347 -1321 -1296 -1271 -1249 -1231
-3646 -3640 -3636 -3632 -3630 -3625 -3613 -3601 -3596 -3597 -3592 -3584 -3514 -3467 -3409 -3342 -3278 -3210 -3144 -3080 -3032 -2981 -2915 -2856 -2798 -2745 -2697 -2647 -2593 -2553 -2535 -2459 -2404 -2354 -2315 -2276 -2238 -2205 -2184 -2155 -2154 -2120 -2091 -2053 -2031 -2007 -1976 -1941 -1904 -1869 -1841 -1828 -1827 -1829 -1828 -1801 -1752 -1714 -1689 -1667 -1644 -1622 -1601 -1579 -1558 -1553 -1537 -1518 -1498 -1480 -1462 -1443 -1424 -1401 -1373 -1342 -1330 -1311 -1292 -1271 -1251
-3650 -3646 -3642 -3638 -3634 -3632 -3626 -3613 -3602 -3597 -3595 -3593 -3546 -3502 -3443 -3378 -3322 -3254 -3179 -3115 -3072 -3025 -2955 -2896 -2845 -2791 -2729 -2668 -2611 -2556 -2534 -2472 -2421 -2377 -2342 -2302 -2266 -2234 -2206 -2183 -2163 -2149 -2103 -2077 -2059 -2031 -1994 -1954 -1917 -1884 -1863 -1854 -1863 -1870 -1856 -1811 -1764 -1739 -1727 -1709 -1689 -1665 -1641 -1617 -1593 -1581 -1567 -1545 -1524 -1502 -1481 -1459 -1437 -1414 -1386 -1356 -1330 -1327 -1312 -1293 -1272
-3656 -3652 -3646 -3643 -3640 -3637 -3634 -3623 -3609 -3601 -3600 -3600 -3598 -3546 -3474 -3405 -3344 -3288 -3228 -3161 -3113 -3079 -2996 -2920 -2849 -2787 -2729 -2683 -2629 -2576 -2538 -2479 -2436 -2403 -2376 -2345 -2308 -2271 -2241 -2210 -2180 -2150 -2132 -2105 -2081 -2042 -2004 -1969 -1936 -1914 -1904 -1904 -1917 -1913 -1882 -1835 -1800 -1786 -1774 -1756 -1734 -1705 -1675 -1648 -1621 -1594 -1591 -1569 -1545 -1521 -1498 -1475 -1452 -1429 -1402 -1372 -1348 -1343 -1333 -1317 -1298
-3655 -3655 -3651 -3647 -3643 -3640 -3636 -3631 -3623 -3614 -3605 -3601 -3599 -3597 -3534 -3451 -3388 -3338 -3278 -3216 -3152 -3102 -3028 -2942 -2857 -2789 -2727 -2681 -2637 -2584 -2536 -2510 -2468 -2438 -2425 -2389 -2345 -2306 -2270 -2235 -2205 -2179 -2158 -2139 -2100 -2056 -2023 -1993 -1968 -1951 -1958 -1972 -1975 -1951 -1916 -1866 -1851 -1831 -1806 -1780 -1749 -1708 -1674 -1655 -1635 -1615 -1593 -1585 -1563 -1537 -1513 -1491 -1470 -1448 -1420 -1390 -1365 -1349 -1354 -1343 -1325
-3660 -3654 -3653 -3650 -3646 -3644 -3641 -3638 -3631 -3621 -3609 -3604 -3605 -3612 -3592 -3498 -3424 -3382 -3326 -3256 -3180 -3111 -3036 -2955 -2873 -2796 -2736 -2692 -2643 -2590 -2547 -2525 -2502 -2465 -2443 -2416 -2378 -2338 -2300 -2265 -2236 -2212 -2196 -2180 -2130 -2086 -2057 -2033 -2017 -2013 -2031 -2046 -2030 -1988 -1943 -1911 -1887 -1852 -1812 -1776 -1735 -1700 -1680 -1664 -1646 -1624 -1600 -1588 -1569 -1548 -1528 -1510 -1490 -1470 -1440 -1408 -1384 -1371 -1377 -1361 -1351
-3689 -3662 -3656 -3653 -3651 -3649 -3646 -3643 -3638 -3630 -3620 -3614 -3618 -3632 -3644 -3543 -3464 -3403 -3342 -3271 -3199 -3126 -3034 -2956 -2882 -2815 -2759 -2699 -2650 -2615 -2582 -2557 -2537 -2486 -2455 -2440 -2409 -2373 -2338 -2305 -2274 -2249 -2229 -2206 -2171 -2131 -2108 -2093 -2089 -2107 -2114 -2111 -2079 -2030 -1985 -1935 -1893 -1849 -1809 -1772 -1742 -1716 -1693 -1670 -1647 -1617 -1592 -1568 -1569 -1554 -1540 -1526 -1510 -1492 -1460 -1425 -1404 -1392 -1384 -1372 -1372
-3693 -3691 -3659 -3661 -3655 -3653 -3651 -3649 -3647 -3642 -3633 -3624 -3625 -3636 -3630 -3607 -3486 -3412 -3349 -3272 -3198 -3128 -3036 -2956 -2889 -2835 -2780 -2725 -2679 -2646 -2617 -2586 -2554 -2528 -2497 -2470 -2440 -2409 -2379 -2348 -2317 -2292 -2272 -2250 -2218 -2197 -2183 -2175 -2183 -2192 -2184 -2148 -2096 -2032 -1967 -1922 -1888 -1858 -1823 -1781 -1743 -1717 -1688 -1661 -1632 -1606 -1591 -1570 -1572 -1564 -1554 -1541 -1526 -1509 -1476 -1445 -1425 -1413 -1406 -1392 -1369
-3697 -3697 -3664 -3660 -3659 -3656 -3655 -3655 -3654 -3652 -3645 -3632 -3623 -3624 -3553 -3591 -3521 -3426 -3346 -3271 -3202 -3135 -3057 -2979 -2906 -2844 -2802 -2763 -2718 -2680 -2659 -2630 -2601 -2577 -2534 -2500 -2475 -2449 -2420 -2388 -2362 -2338 -2321 -2302 -2282 -2266 -2264 -2264 -2275 -2264 -2214 -2141 -2070 -2013 -1971 -1933 -1899 -1865 -1827 -1785 -1741 -1713 -1686 -1661 -1628 -1608 -1596 -1583 -1567 -1577 -1564 -1551 -1540 -1523 -1495 -1469 -1449 -1434 -1424 -1407 -1383
-3707 -3703 -3674 -3662 -3661 -3661 -3660 -3660 -3659 -3657 -3652 -3640 -3628 -3624 -3578 -3603 -3539 -3497 -3381 -3301 -3226 -3160 -3079 -3001 -2932 -2878 -2839 -2798 -2778 -2731 -2694 -2659 -2633 -2604 -2571 -2535 -2515 -2490 -2458 -2428 -2407 -2388 -2371 -2353 -2342 -2335 -2336 -2343 -2332 -2323 -2219 -2121 -2061 -2017 -1978 -1940 -1899 -1862 -1830 -1795 -1754 -1718 -1695 -1670 -1638 -1619 -1605 -1595 -1579 -1580 -1575 -1565 -1555 -1537 -1517 -1494 -1471 -1452 -1438 -1421 -1402
-3705 -3704 -3709 -3674 -3668 -3667 -3665 -3664 -3663 -3661 -3656 -3648 -3640 -3636 -3631 -3611 -3547 -3477 -3392 -3329 -3256 -3177 -3087 -3013 -2954 -2914 -2881 -2833 -2794 -2760 -2726 -2695 -2673 -2646 -2603 -2584 -2552 -2523 -2500 -2478 -2456 -2443 -2437 -2404 -2394 -2399 -2415 -2401 -2360 -2312 -2197 -2116 -2064 -2023 -1983 -1944 -1906 -1869 -1838 -1810 -1779 -1728 -1707 -1685 -1655 -1637 -1625 -1610 -1587 -1589 -1588 -1580 -1569 -1556 -1538 -1516 -1492 -1467 -1452 -1441 -1427
-3711 -3714 -3718 -3715 -3681 -3667 -3668 -3665 -3663 -3661 -3657 -3649 -3642 -3640 -3643 -3636 -3584 -3507 -3419 -3347 -3259 -3187 -3113 -3040 -2984 -2947 -2912 -2861 -2814 -2781 -2755 -2728 -2705 -2669 -2622 -2600 -2597 -2551 -2534 -2515 -2494 -2508 -2462 -2447 -2444 -2471 -2480 -2429 -2333 -2242 -2176 -2123 -2077 -2035 -1989 -1953 -1919 -1885 -1853 -1821 -1796 -1749 -1723 -1705 -1683 -1659 -1646 -1626 -1600 -1587 -1601 -1597 -1586 -1573 -1556 -1538 -1519 -1494 -1482 -1474 -1462
-3723 -3725 -3724 -3719 -3715 -3677 -3666 -3662 -3659 -3659 -3658 -3653 -3647 -3645 -3647 -3646 -3608 -3540 -3477 -3420 -3273 -3204 -3135 -3078 -3025 -2983 -2940 -2887 -2837 -2808 -2784 -2755 -2724 -2686 -2659 -2631 -2613 -2603 -2590 -2559 -2516 -2506 -2503 -2501 -2522 -2540 -2496 -2408 -2318 -2250 -2187 -2138 -2093 -2051 -2009 -1970 -1933 -1897 -1865 -1837 -1812 -1777 -1747 -1730 -1715 -1686 -1665 -1645 -1621 -1609 -1601 -1613 -1605 -1591 -1573 -1556 -1543 -1529 -1515 -1505 -1494
-3732 -3724 -3723 -3725 -3720 -3714 -3662 -3661 -3661 -3662 -3662 -3660 -3656 -3652 -3652 -3662 -3647 -3581 -3508 -3433 -3300 -3231 -3154 -3091 -3032 -2999 -2971 -2927 -2875 -2837 -2807 -2776 -2730 -2704 -2684 -2649 -2628 -2624 -2597 -2562 -2536 -2537 -2542 -2568 -2605 -2578 -2489 -2405 -2337 -2270 -2213 -2173 -2119 -2080 -2041 -1998 -1956 -1913 -1877 -1848 -1829 -1802 -1773 -1754 -1745 -1719 -1688 -1663 -1649 -1634 -1623 -1625 -1628 -1613 -1594 -1577 -1563 -1550 -1537 -1526 -1517
-3726 -3729 -3723 -3723 -3725 -3718 -3666 -3668 -3667 -3668 -3668 -3667 -3665 -3662 -3663 -3677 -3669 -3614 -3533 -3454 -3372 -3310 -3172 -3107 -3048 -3018 -2992 -2958 -2909 -2865 -2824 -2788 -2752 -2729 -2715 -2685 -2660 -2637 -2610 -2590 -2579 -2586 -2604 -2651 -2646 -2566 -2491 -2437 -2368 -2310 -2262 -2212 -2166 -2129 -2076 -2032 -1985 -1941 -1902 -1868 -1841 -1820 -1797 -1777 -1762 -1745 -1720 -1692 -1679 -1662 -1648 -1637 -1649 -1636 -1621 -1604 -1586 -1572 -1559 -1547 -1537
-3726 -3731 -3730 -3730 -3728 -3724 -3722 -3680 -3673 -3675 -3674 -3672 -3671 -3670 -3671 -3679 -3675 -3643 -3564 -3485 -3396 -3315 -3198 -3131 -3076 -3038 -3006 -2970 -2924 -2888 -2855 -2823 -2793 -2765 -2746 -2718 -2690 -2659 -2653 -2634 -2632 -2643 -2681 -2715 -2660 -2581 -2528 -2450 -2401 -2370 -2318 -2255 -2203 -2168 -2120 -2067 -2017 -1975 -1936 -1902 -1871 -1845 -1818 -1794 -1773 -1755 -1738 -1721 -1710 -1692 -1675 -1661 -1669 -1663 -1647 -1627 -1612 -1597 -1584 -1572 -1561
-3730 -3744 -3742 -3738 -3735 -3733 -3734 -3730 -3682 -3682 -3680 -3678 -3677 -3676 -3677 -3680 -3678 -3663 -3598 -3516 -3423 -3337 -3258 -3165 -3111 -3064 -3024 -2983 -2943 -2916 -2889 -2855 -2817 -2790 -2771 -2748 -2716 -2697 -2687 -2683 -2683 -2713 -2753 -2740 -2661 -2587 -2526 -2467 -2454 -2411 -2349 -2286 -2260 -2223 -2165 -2124 -2053 -2010 -1976 -1947 -1918 -1883 -1851 -1824 -1800 -1776 -1757 -1741 -1728 -1714 -1699 -1685 -1671 -1681 -1671 -1654 -1638 -1624 -1612 -1599 -1588
-3735 -3745 -3736 -3731 -3739 -3747 -3743 -3734 -3692 -3685 -3686 -3684 -3683 -3682 -3682 -3684 -3680 -3666 -3601 -3522 -3445 -3368 -3278 -3217 -3141 -3093 -3051 -3009 -2970 -2939 -2914 -2886 -2850 -2823 -2806 -2785 -2754 -2734 -2720 -2724 -2746 -2797 -2839 -2751 -2664 -2582 -2529 -2513 -2474 -2420 -2382 -2352 -2303 -2265 -2234 -2277 -2098 -2049 -2018 -1998 -1972 -1929 -1894 -1874 -1856 -1817 -1784 -1766 -1751 -1736 -1723 -1710 -1695 -1681 -1690 -1678 -1667 -1655 -1639 -1627 -1617
