geography/gebco_morrobay_2023_n36.2_s35.2_w-122.3_e-121.3.asc
ncols        240
nrows        240
xllcorner    -122.300000000000
yllcorner    35.200000000000
cellsize     0.004166666667
NODATA_value -32767
[rows 0 to 35 of 240, columns 0 to 80 of 240]
-1366 -1342 -1313 -1289 -1278 -1245 -1195 -1167 -1127 -1112 -1089 -1067 -1053 -1051 -1057 -1066 -1069 -1090 -1090 -1088 -1087 -1092 -1096 -1099 -1099 -1099 -1100 -1098 -1094 -1092 -1099 -1118 -1122 -1115 -1103 -1095 -1085 -1075 -1065 -1057 -1050 -1046 -1014 -995 -981 -976 -973 -959 -957 -956 -926 -911 -897 -885 -871 -858 -844 -833 -825 -815 -821 -850 -807 -791 -791 -772 -834 -842 -805 -824 -774 -716 -697 -692 -692 -693 -679 -671 -668 -660 -652
-1373 -1346 -1320 -1286 -1259 -1214 -1186 -1160 -1119 -1105 -1091 -1074 -1062 -1062 -1074 -1097 -1113 -1108 -1103 -1102 -1104 -1108 -1113 -1116 -1106 -1113 -1119 -1120 -1117 -1115 -1119 -1137 -1141 -1134 -1123 -1116 -1104 -1093 -1084 -1076 -1069 -1063 -1043 -1022 -1007 -1004 -997 -982 -971 -965 -956 -937 -923 -911 -899 -886 -873 -861 -856 -843 -857 -879 -828 -828 -810 -856 -885 -826 -832 -815 -788 -730 -723 -723 -725 -720 -710 -706 -697 -677 -695
-1375 -1346 -1313 -1281 -1256 -1242 -1209 -1191 -1129 -1105 -1098 -1090 -1082 -1083 -1097 -1120 -1131 -1124 -1124 -1125 -1125 -1128 -1133 -1138 -1141 -1143 -1138 -1144 -1143 -1142 -1146 -1155 -1157 -1150 -1141 -1131 -1121 -1111 -1101 -1092 -1086 -1078 -1068 -1058 -1040 -1028 -1018 -1004 -989 -982 -974 -969 -945 -932 -921 -909 -896 -884 -883 -905 -903 -904 -847 -852 -874 -935 -857 -835 -859 -813 -788 -759 -750 -755 -755 -745 -742 -740 -726 -711 -709
-1377 -1341 -1304 -1275 -1253 -1232 -1208 -1200 -1140 -1120 -1110 -1108 -1105 -1105 -1114 -1138 -1151 -1144 -1139 -1146 -1147 -1150 -1155 -1161 -1165 -1159 -1162 -1170 -1172 -1171 -1173 -1177 -1177 -1166 -1158 -1149 -1140 -1130 -1119 -1109 -1100 -1091 -1080 -1071 -1050 -1035 -1025 -1016 -1007 -1000 -993 -982 -978 -954 -944 -933 -920 -911 -918 -939 -957 -915 -871 -893 -937 -933 -857 -874 -877 -823 -808 -816 -786 -781 -777 -771 -774 -781 -775 -770 -774
-1379 -1346 -1312 -1282 -1256 -1241 -1220 -1205 -1189 -1133 -1124 -1121 -1118 -1114 -1121 -1159 -1174 -1164 -1157 -1157 -1164 -1177 -1181 -1187 -1193 -1185 -1190 -1193 -1201 -1202 -1202 -1201 -1195 -1183 -1174 -1167 -1159 -1149 -1138 -1127 -1117 -1107 -1097 -1088 -1082 -1056 -1043 -1034 -1024 -1015 -1006 -1000 -993 -979 -969 -959 -948 -947 -967 -972 -973 -913 -908 -926 -954 -977 -888 -912 -889 -841 -834 -845 -849 -816 -804 -799 -815 -848 -854 -829 -796
-1395 -1362 -1322 -1290 -1265 -1246 -1234 -1218 -1204 -1161 -1147 -1137 -1139 -1143 -1163 -1200 -1202 -1186 -1177 -1176 -1181 -1198 -1205 -1211 -1217 -1212 -1217 -1218 -1227 -1231 -1230 -1226 -1212 -1201 -1192 -1183 -1175 -1166 -1154 -1143 -1133 -1123 -1114 -1104 -1095 -1091 -1062 -1052 -1042 -1032 -1023 -1017 -1011 -1008 -989 -979 -972 -982 -1005 -987 -944 -925 -954 -940 -970 -1008 -912 -941 -902 -865 -861 -866 -873 -882 -845 -834 -869 -898 -874 -825 -808
-1414 -1379 -1337 -1304 -1283 -1265 -1245 -1227 -1223 -1195 -1181 -1175 -1187 -1201 -1223 -1231 -1221 -1202 -1195 -1197 -1205 -1214 -1235 -1239 -1243 -1235 -1239 -1243 -1247 -1251 -1247 -1244 -1229 -1219 -1209 -1199 -1190 -1181 -1170 -1158 -1147 -1138 -1129 -1119 -1110 -1100 -1080 -1069 -1060 -1051 -1043 -1035 -1028 -1023 -1011 -1001 -1000 -1019 -1031 -994 -969 -984 -993 -969 -1024 -995 -934 -959 -918 -892 -891 -894 -904 -931 -976 -901 -932 -933 -892 -855 -843
-1436 -1401 -1359 -1327 -1309 -1286 -1267 -1250 -1243 -1242 -1244 -1243 -1223 -1218 -1211 -1203 -1198 -1202 -1210 -1219 -1230 -1241 -1268 -1272 -1273 -1262 -1262 -1268 -1266 -1266 -1267 -1259 -1251 -1241 -1228 -1216 -1205 -1195 -1184 -1173 -1162 -1152 -1143 -1134 -1125 -1116 -1108 -1087 -1076 -1068 -1060 -1054 -1046 -1041 -1036 -1027 -1034 -1056 -1042 -1005 -1001 -1017 -1009 -1015 -1070 -977 -958 -968 -939 -923 -922 -928 -948 -979 -1001 -968 -979 -967 -916 -889 -873
-1461 -1428 -1393 -1365 -1341 -1322 -1303 -1286 -1277 -1276 -1275 -1276 -1218 -1195 -1186 -1181 -1188 -1214 -1237 -1250 -1262 -1273 -1284 -1300 -1299 -1291 -1290 -1293 -1291 -1279 -1281 -1275 -1270 -1261 -1248 -1234 -1221 -1209 -1198 -1188 -1177 -1167 -1157 -1148 -1140 -1131 -1123 -1118 -1092 -1086 -1079 -1072 -1066 -1059 -1052 -1045 -1039 -1073 -1043 -1024 -1031 -1044 -1022 -1064 -1080 -990 -982 -983 -963 -962 -968 -974 -1007 -1022 -1034 -1035 -1029 -999 -939 -906 -895
-1483 -1461 -1434 -1409 -1387 -1370 -1354 -1333 -1311 -1295 -1279 -1249 -1234 -1220 -1198 -1211 -1220 -1252 -1280 -1291 -1299 -1307 -1316 -1321 -1323 -1317 -1314 -1315 -1308 -1300 -1291 -1289 -1285 -1276 -1263 -1249 -1236 -1225 -1214 -1204 -1193 -1183 -1173 -1164 -1155 -1147 -1139 -1132 -1113 -1106 -1097 -1091 -1084 -1077 -1071 -1065 -1063 -1080 -1061 -1054 -1063 -1076 -1073 -1114 -1075 -1010 -1009 -1008 -999 -1027 -1053 -1053 -1062 -1063 -1070 -1072 -1069 -1013 -956 -933 -942
-1496 -1485 -1465 -1446 -1428 -1416 -1403 -1376 -1340 -1310 -1287 -1265 -1259 -1256 -1271 -1273 -1279 -1310 -1334 -1338 -1338 -1341 -1345 -1345 -1347 -1350 -1334 -1332 -1324 -1318 -1308 -1303 -1298 -1287 -1275 -1264 -1252 -1241 -1231 -1220 -1209 -1198 -1188 -1179 -1170 -1161 -1153 -1146 -1139 -1137 -1115 -1109 -1103 -1098 -1090 -1084 -1098 -1126 -1113 -1097 -1101 -1114 -1138 -1117 -1079 -1049 -1056 -1062 -1059 -1117 -1167 -1147 -1113 -1107 -1101 -1097 -1076 -1049 -995 -994 -1051
-1519 -1520 -1483 -1466 -1449 -1437 -1431 -1413 -1380 -1352 -1337 -1321 -1319 -1324 -1331 -1337 -1356 -1376 -1384 -1376 -1370 -1370 -1369 -1367 -1365 -1366 -1369 -1351 -1342 -1336 -1326 -1317 -1309 -1301 -1291 -1280 -1268 -1257 -1246 -1235 -1224 -1213 -1203 -1194 -1185 -1176 -1168 -1161 -1155 -1150 -1133 -1126 -1121 -1116 -1109 -1109 -1139 -1135 -1116 -1135 -1121 -1139 -1168 -1105 -1117 -1131 -1143 -1130 -1140 -1196 -1243 -1232 -1191 -1174 -1146 -1121 -1086 -1083 -1160 -1109 -1198
-1530 -1530 -1507 -1497 -1474 -1458 -1444 -1438 -1428 -1407 -1390 -1380 -1376 -1376 -1386 -1400 -1402 -1412 -1405 -1395 -1393 -1392 -1390 -1388 -1385 -1381 -1377 -1363 -1355 -1349 -1337 -1328 -1323 -1314 -1307 -1296 -1285 -1273 -1261 -1250 -1239 -1229 -1219 -1210 -1201 -1192 -1184 -1177 -1170 -1165 -1162 -1144 -1140 -1133 -1128 -1144 -1157 -1136 -1129 -1161 -1142 -1167 -1204 -1214 -1217 -1245 -1264 -1248 -1223 -1259 -1308 -1312 -1257 -1234 -1181 -1149 -1142 -1259 -1328 -1350 -1361
-1549 -1546 -1550 -1566 -1499 -1483 -1469 -1455 -1446 -1435 -1424 -1414 -1410 -1411 -1416 -1422 -1421 -1421 -1418 -1416 -1415 -1413 -1410 -1406 -1401 -1395 -1393 -1381 -1371 -1362 -1353 -1347 -1339 -1326 -1322 -1312 -1299 -1287 -1275 -1263 -1253 -1243 -1234 -1225 -1216 -1208 -1200 -1193 -1187 -1181 -1175 -1172 -1171 -1150 -1146 -1170 -1175 -1158 -1170 -1187 -1179 -1154 -1257 -1303 -1308 -1322 -1330 -1314 -1294 -1322 -1350 -1363 -1353 -1294 -1239 -1206 -1240 -1405 -1383 -1322 -1318
-1571 -1563 -1560 -1563 -1527 -1508 -1494 -1481 -1468 -1456 -1446 -1438 -1435 -1435 -1436 -1441 -1451 -1444 -1446 -1443 -1440 -1436 -1432 -1426 -1420 -1419 -1417 -1408 -1392 -1382 -1373 -1364 -1356 -1344 -1331 -1323 -1312 -1299 -1287 -1276 -1267 -1258 -1248 -1240 -1232 -1225 -1217 -1210 -1204 -1197 -1191 -1187 -1187 -1169 -1164 -1180 -1204 -1198 -1198 -1212 -1205 -1176 -1291 -1342 -1382 -1415 -1430 -1428 -1407 -1402 -1381 -1390 -1407 -1376 -1357 -1362 -1387 -1450 -1392 -1303 -1242
-1596 -1583 -1576 -1574 -1581 -1533 -1519 -1505 -1493 -1481 -1473 -1469 -1468 -1471 -1474 -1476 -1480 -1483 -1479 -1475 -1474 -1469 -1458 -1448 -1444 -1445 -1438 -1424 -1419 -1401 -1391 -1382 -1368 -1357 -1337 -1334 -1324 -1313 -1301 -1291 -1280 -1271 -1263 -1255 -1248 -1241 -1234 -1227 -1220 -1213 -1207 -1203 -1200 -1200 -1185 -1185 -1222 -1232 -1223 -1236 -1227 -1201 -1360 -1313 -1506 -1537 -1542 -1529 -1491 -1448 -1432 -1458 -1471 -1488 -1478 -1483 -1480 -1482 -1436 -1338 -1250
-1624 -1609 -1601 -1591 -1585 -1562 -1545 -1531 -1519 -1511 -1509 -1510 -1510 -1517 -1514 -1512 -1511 -1501 -1502 -1505 -1504 -1495 -1481 -1470 -1470 -1464 -1447 -1437 -1431 -1424 -1404 -1390 -1378 -1369 -1361 -1356 -1333 -1327 -1317 -1306 -1295 -1286 -1278 -1270 -1264 -1257 -1251 -1244 -1237 -1230 -1224 -1220 -1217 -1216 -1217 -1206 -1219 -1255 -1250 -1259 -1253 -1248 -1319 -1569 -1575 -1549 -1519 -1506 -1503 -1514 -1517 -1512 -1502 -1490 -1472 -1449 -1444 -1449 -1464 -1404 -1298
-1656 -1637 -1627 -1614 -1600 -1612 -1578 -1559 -1554 -1558 -1565 -1564 -1557 -1549 -1533 -1525 -1519 -1520 -1526 -1525 -1514 -1502 -1493 -1492 -1492 -1478 -1458 -1447 -1437 -1428 -1410 -1398 -1390 -1381 -1372 -1366 -1338 -1338 -1332 -1322 -1312 -1302 -1294 -1287 -1281 -1275 -1269 -1262 -1254 -1247 -1241 -1237 -1235 -1235 -1237 -1246 -1251 -1280 -1271 -1277 -1290 -1368 -1325 -1552 -1582 -1508 -1480 -1431 -1405 -1456 -1477 -1457 -1439 -1410 -1390 -1350 -1356 -1390 -1430 -1453 -1383
-1678 -1661 -1651 -1639 -1635 -1643 -1657 -1601 -1613 -1621 -1610 -1581 -1562 -1557 -1555 -1547 -1545 -1547 -1539 -1524 -1516 -1510 -1506 -1508 -1507 -1494 -1473 -1460 -1450 -1442 -1436 -1414 -1405 -1395 -1386 -1375 -1352 -1349 -1345 -1338 -1328 -1318 -1311 -1304 -1298 -1293 -1287 -1279 -1271 -1263 -1258 -1254 -1253 -1254 -1256 -1261 -1270 -1321 -1281 -1300 -1343 -1383 -1357 -1490 -1572 -1523 -1496 -1439 -1403 -1409 -1407 -1363 -1350 -1330 -1329 -1302 -1254 -1327 -1392 -1445 -1395
-1686 -1683 -1684 -1685 -1703 -1688 -1670 -1655 -1662 -1629 -1598 -1591 -1590 -1592 -1582 -1570 -1567 -1553 -1539 -1536 -1537 -1532 -1525 -1519 -1513 -1501 -1485 -1474 -1465 -1457 -1448 -1429 -1416 -1406 -1395 -1387 -1374 -1360 -1352 -1352 -1343 -1335 -1328 -1322 -1317 -1311 -1304 -1296 -1288 -1281 -1276 -1273 -1273 -1275 -1278 -1284 -1309 -1377 -1305 -1328 -1371 -1426 -1364 -1570 -1583 -1542 -1538 -1504 -1450 -1416 -1370 -1329 -1301 -1293 -1285 -1250 -1211 -1258 -1342 -1418 -1421
-1692 -1702 -1721 -1760 -1788 -1709 -1677 -1671 -1680 -1634 -1626 -1619 -1611 -1604 -1589 -1581 -1574 -1567 -1562 -1558 -1562 -1556 -1543 -1530 -1521 -1509 -1497 -1487 -1479 -1470 -1460 -1450 -1428 -1416 -1405 -1397 -1391 -1386 -1386 -1365 -1359 -1352 -1346 -1341 -1336 -1331 -1323 -1315 -1307 -1300 -1295 -1294 -1295 -1297 -1300 -1308 -1333 -1403 -1377 -1371 -1456 -1459 -1378 -1410 -1583 -1592 -1628 -1602 -1545 -1488 -1433 -1369 -1293 -1261 -1244 -1221 -1198 -1184 -1251 -1373 -1418
-1760 -1749 -1759 -1828 -1829 -1721 -1690 -1682 -1681 -1662 -1654 -1638 -1624 -1614 -1607 -1602 -1597 -1592 -1589 -1586 -1582 -1569 -1556 -1546 -1537 -1524 -1511 -1501 -1491 -1481 -1470 -1458 -1450 -1428 -1416 -1411 -1405 -1399 -1396 -1378 -1377 -1373 -1367 -1362 -1357 -1351 -1344 -1335 -1327 -1320 -1317 -1318 -1320 -1323 -1328 -1340 -1367 -1429 -1439 -1426 -1539 -1454 -1397 -1383 -1414 -1566 -1624 -1619 -1622 -1539 -1430 -1350 -1300 -1262 -1236 -1218 -1205 -1195 -1218 -1307 -1339
-1791 -1781 -1819 -1856 -1839 -1746 -1713 -1698 -1687 -1687 -1698 -1653 -1645 -1639 -1633 -1627 -1621 -1618 -1621 -1623 -1600 -1575 -1574 -1567 -1556 -1541 -1527 -1515 -1504 -1492 -1481 -1469 -1458 -1442 -1430 -1425 -1418 -1416 -1406 -1404 -1392 -1394 -1390 -1385 -1379 -1373 -1365 -1356 -1347 -1342 -1344 -1350 -1356 -1363 -1373 -1391 -1423 -1479 -1533 -1566 -1657 -1521 -1477 -1464 -1428 -1418 -1562 -1584 -1614 -1625 -1463 -1353 -1300 -1268 -1249 -1225 -1211 -1203 -1198 -1203 -1224
-1841 -1821 -1834 -1860 -1842 -1811 -1742 -1720 -1706 -1702 -1706 -1681 -1670 -1669 -1670 -1662 -1653 -1646 -1643 -1626 -1607 -1599 -1604 -1591 -1572 -1555 -1542 -1530 -1518 -1506 -1494 -1483 -1472 -1467 -1447 -1440 -1431 -1423 -1424 -1422 -1417 -1413 -1410 -1407 -1401 -1394 -1385 -1375 -1367 -1367 -1377 -1396 -1415 -1435 -1461 -1495 -1528 -1575 -1637 -1686 -1729 -1726 -1654 -1615 -1541 -1465 -1496 -1539 -1603 -1633 -1568 -1407 -1329 -1274 -1254 -1231 -1216 -1210 -1205 -1195 -1187
-1870 -1851 -1854 -1862 -1858 -1831 -1799 -1744 -1735 -1731 -1738 -1753 -1713 -1708 -1717 -1701 -1681 -1670 -1657 -1639 -1630 -1630 -1627 -1607 -1585 -1568 -1556 -1544 -1531 -1520 -1508 -1497 -1487 -1477 -1473 -1456 -1449 -1446 -1443 -1438 -1436 -1435 -1429 -1428 -1421 -1412 -1403 -1394 -1387 -1393 -1416 -1460 -1526 -1597 -1637 -1640 -1653 -1683 -1724 -1766 -1749 -1717 -1736 -1712 -1668 -1623 -1634 -1630 -1614 -1645 -1660 -1559 -1357 -1279 -1250 -1233 -1224 -1217 -1211 -1203 -1195
-1902 -1893 -1887 -1901 -1893 -1858 -1789 -1764 -1776 -1784 -1796 -1799 -1811 -1757 -1763 -1732 -1717 -1716 -1708 -1675 -1665 -1662 -1643 -1607 -1595 -1582 -1569 -1557 -1544 -1532 -1521 -1510 -1500 -1491 -1483 -1471 -1466 -1464 -1460 -1458 -1461 -1457 -1456 -1448 -1442 -1433 -1423 -1414 -1406 -1424 -1468 -1560 -1701 -1803 -1815 -1794 -1761 -1762 -1782 -1744 -1694 -1648 -1641 -1694 -1711 -1705 -1702 -1695 -1681 -1672 -1657 -1595 -1343 -1274 -1252 -1249 -1241 -1226 -1214 -1205 -1196
-1970 -1954 -1939 -1948 -1930 -1865 -1807 -1794 -1825 -1830 -1852 -1842 -1825 -1817 -1784 -1755 -1750 -1750 -1740 -1699 -1682 -1670 -1642 -1617 -1601 -1595 -1583 -1570 -1558 -1545 -1534 -1524 -1514 -1505 -1498 -1495 -1484 -1483 -1483 -1481 -1483 -1482 -1477 -1461 -1460 -1451 -1441 -1429 -1419 -1452 -1521 -1684 -1813 -1822 -1790 -1785 -1803 -1782 -1702 -1623 -1597 -1528 -1605 -1618 -1614 -1628 -1602 -1607 -1630 -1609 -1572 -1522 -1286 -1276 -1267 -1274 -1254 -1226 -1207 -1201 -1194
-2057 -2035 -2031 -2015 -1958 -1915 -1886 -1859 -1855 -1855 -1859 -1844 -1816 -1793 -1801 -1774 -1741 -1725 -1705 -1684 -1672 -1658 -1640 -1627 -1612 -1606 -1595 -1584 -1572 -1560 -1550 -1540 -1529 -1521 -1517 -1514 -1507 -1506 -1507 -1508 -1508 -1506 -1498 -1487 -1473 -1465 -1453 -1442 -1437 -1452 -1524 -1713 -1835 -1795 -1702 -1644 -1667 -1666 -1589 -1497 -1486 -1460 -1455 -1526 -1537 -1553 -1538 -1478 -1481 -1482 -1458 -1416 -1301 -1286 -1280 -1277 -1249 -1218 -1203 -1200 -1195
-2207 -2151 -2212 -2125 -2035 -1970 -1945 -1943 -1937 -1884 -1838 -1811 -1810 -1826 -1853 -1870 -1737 -1709 -1695 -1686 -1675 -1663 -1650 -1638 -1617 -1616 -1614 -1605 -1592 -1579 -1570 -1559 -1549 -1542 -1538 -1537 -1538 -1537 -1541 -1541 -1533 -1528 -1517 -1503 -1488 -1480 -1468 -1458 -1463 -1482 -1550 -1725 -1847 -1815 -1716 -1629 -1576 -1530 -1502 -1475 -1450 -1436 -1429 -1424 -1453 -1450 -1465 -1450 -1438 -1403 -1394 -1365 -1318 -1301 -1294 -1268 -1244 -1224 -1211 -1203 -1197
-2459 -2345 -2392 -2335 -2250 -2114 -2082 -2130 -2060 -1917 -1849 -1828 -1859 -1881 -1878 -1867 -1851 -1738 -1717 -1706 -1693 -1680 -1666 -1650 -1636 -1630 -1644 -1637 -1618 -1599 -1590 -1580 -1575 -1576 -1573 -1573 -1574 -1576 -1577 -1569 -1558 -1543 -1526 -1514 -1500 -1490 -1481 -1477 -1494 -1515 -1579 -1729 -1845 -1824 -1713 -1612 -1559 -1517 -1500 -1470 -1462 -1447 -1433 -1428 -1414 -1399 -1393 -1414 -1417 -1397 -1368 -1338 -1322 -1302 -1287 -1265 -1256 -1238 -1220 -1208 -1199
-2573 -2541 -2542 -2498 -2455 -2345 -2340 -2353 -2243 -2061 -1963 -1900 -1935 -1940 -1936 -1907 -1859 -1778 -1741 -1726 -1711 -1696 -1681 -1668 -1658 -1663 -1670 -1696 -1665 -1617 -1606 -1613 -1620 -1631 -1625 -1622 -1620 -1611 -1607 -1610 -1569 -1550 -1535 -1521 -1509 -1499 -1496 -1506 -1527 -1563 -1632 -1745 -1848 -1840 -1715 -1591 -1535 -1503 -1479 -1456 -1454 -1441 -1434 -1425 -1414 -1407 -1402 -1387 -1383 -1365 -1348 -1335 -1330 -1313 -1272 -1254 -1253 -1247 -1231 -1215 -1203
-2584 -2565 -2545 -2525 -2519 -2506 -2501 -2452 -2379 -2228 -2110 -2046 -2101 -2120 -2127 -2053 -1916 -1860 -1780 -1751 -1733 -1717 -1702 -1714 -1740 -1728 -1742 -1780 -1736 -1655 -1642 -1670 -1680 -1698 -1698 -1679 -1662 -1646 -1628 -1618 -1579 -1559 -1543 -1529 -1521 -1523 -1535 -1551 -1580 -1643 -1722 -1780 -1844 -1854 -1732 -1576 -1520 -1488 -1466 -1449 -1438 -1430 -1424 -1417 -1410 -1404 -1393 -1383 -1379 -1371 -1356 -1344 -1335 -1318 -1260 -1245 -1236 -1225 -1216 -1206 -1197
-2380 -2363 -2359 -2348 -2364 -2381 -2433 -2451 -2442 -2339 -2242 -2224 -2278 -2280 -2285 -2209 -2037 -1913 -1880 -1805 -1768 -1752 -1749 -1809 -1832 -1822 -1821 -1813 -1798 -1754 -1727 -1767 -1790 -1777 -1768 -1740 -1707 -1677 -1650 -1628 -1614 -1568 -1550 -1541 -1558 -1584 -1615 -1649 -1708 -1772 -1832 -1849 -1863 -1875 -1770 -1569 -1504 -1475 -1455 -1441 -1432 -1427 -1421 -1412 -1403 -1394 -1383 -1376 -1381 -1365 -1354 -1347 -1338 -1323 -1296 -1241 -1233 -1223 -1215 -1205 -1195
-2175 -2168 -2187 -2162 -2120 -2116 -2147 -2213 -2353 -2381 -2365 -2304 -2237 -2240 -2224 -2250 -2147 -2005 -1935 -1958 -1850 -1864 -1905 -1966 -1967 -1932 -1860 -1844 -1916 -1901 -1874 -1916 -1910 -1883 -1859 -1817 -1773 -1727 -1684 -1649 -1630 -1589 -1576 -1591 -1631 -1711 -1776 -1881 -1929 -1931 -1917 -1905 -1899 -1857 -1723 -1546 -1488 -1462 -1444 -1431 -1419 -1409 -1400 -1393 -1389 -1384 -1375 -1366 -1362 -1341 -1327 -1331 -1338 -1329 -1298 -1271 -1234 -1224 -1215 -1205 -1195
-2181 -2189 -2187 -2162 -2098 -2069 -2031 -2018 -2145 -2104 -2116 -2095 -2081 -2043 -2084 -2198 -2193 -2123 -2055 -2073 -2120 -2178 -2221 -2158 -2154 -2112 -1979 -1961 -2104 -2083 -2064 -2037 -1997 -1978 -1972 -1947 -1948 -1898 -1822 -1751 -1696 -1691 -1670 -1732 -1793 -1892 -1937 -1907 -1877 -1844 -1797 -1756 -1745 -1712 -1606 -1503 -1469 -1448 -1433 -1421 -1410 -1399 -1392 -1385 -1385 -1383 -1376 -1363 -1348 -1339 -1318 -1319 -1331 -1327 -1302 -1279 -1272 -1227 -1213 -1203 -1194
-2208 -2215 -2189 -2163 -2102 -2054 -2047 -2009 -1988 -1964 -1951 -1943 -1947 -1957 -1810 -1921 -1984 -2192 -2169 -2165 -2165 -2172 -2197 -2189 -2101 -2162 -2078 -2066 -2102 -2026 -1972 -1964 -1976 -1979 -1968 -1943 -1945 -1979 -1995 -1928 -1832 -1823 -1855 -1926 -1967 -1943 -1890 -1789 -1718 -1717 -1668 -1610 -1560 -1525 -1496 -1471 -1451 -1436 -1423 -1413 -1402 -1391 -1379 -1369 -1363 -1360 -1356 -1346 -1335 -1328 -1313 -1297 -1300 -1307 -1314 -1301 -1277 -1224 -1209 -1201 -1193
